t1:6.6666666666666666668e-01;
t2:1.0000000000000000000e+00;
b20:2.5000000000000000000e-01;
b21:7.5000000000000000000e-01;
a20:6.2501047737400061135e-01;
a21:3.7498952262599938862e-01;
c20:1.1175678253834882146e-05;
c21:2.0000558808892965317e+00;
b20+b21-1;
b21*t1-1/2;
a20+a21-1;
a20*c20+a21*t1-b20;
a21*c21-b21;
