t1:1.0000000000000000000e+00;
t2:4.9999999999999994449e-01;
b20:2.5000000000000000000e-01;
b21:2.4999999999999991673e-01;
t3:1.0000000000000000000e+00;
b30:1.6666666666666640761e-01;
b31:1.6666666666666668517e-01;
b32:6.6666666666666685170e-01;
b30+b31+b32-1;
b31*t1+b32*t2-1/2;
b31*t1^2+b32*t2^2-1/3;
b32*b21*t1-1/6;
b31*t1^3+b32*t2^3-1/4;
