t1:9.5312500000000000000e-01;
t2:5.2878277422860264778e-01;
b20:2.5483929167657011475e-01;
b21:2.7394348255203253303e-01;
a20:7.3278523068641236010e-01;
a21:2.6721476931358763992e-01;
c20:2.0499140575770994932e-04;
c21:1.0251809181645512581e+00;
t3:1.0000000000000000000e+00;
b30:1.9122277217542153245e-01;
b31:1.7045801559462986486e-01;
b32:6.3831921222994860267e-01;
a30:3.7776210623336128408e-01;
a31:5.5564623349107493904e-13;
a32:6.2223789376608306967e-01;
c30:8.6435636434777045952e-02;
c31:9.1319725057110190392e-01;
c32:1.0258443251768767368e+00;
b30+b31+b32-1;
b31*t1+b32*t2-1/2;
b31*t1^2+b32*t2^2-1/3;
b32*b21*t1-1/6;
a20+a21-1;
a20*c20+a21*t1-b20;
a21*c21-b21;
a30+a31+a32-1;
a30*c30+a31*t1+a32*b20-b30;
a31*c31+a32*b21-b31;
a32*c32-b32;
