t1:4.9995872541402039217e-01;
t2:5.0004128140259640912e-01;
b20:-8.2576439552282487715e-05;
b21:5.0012385784214869161e-01;
a20:4.9987614215785130839e-01;
a21:5.0012385784214869161e-01;
c20:-5.0037167582299085929e-01;
c21:1.0000000000000000000e+00;
t3:1.0000000000000000000e+00;
b30:1.6510516616224718209e-04;
b31:1.5532478525801098486e-16;
b32:9.9983489483383759751e-01;
a30:5.0020638997566012910e-01;
a31:-5.0004128480949772655e-01;
a32:9.9983489483383759751e-01;
c30:5.0028883355896425471e-01;
c31:1.0000000000000000000e+00;
c32:1.0000000000000000000e+00;
t4:1.0000000000000000000e+00;
b40:1.6666666439483628110e-01;
b41:3.3336085881243370573e-01;
b42:3.3330581239789379403e-01;
b43:1.6666666439483621914e-01;
a40:4.1665978700109270231e-01;
a41:2.5000688307369486088e-01;
a42:1.6666666553037621769e-01;
a43:1.6666666439483621914e-01;
c40:9.9985139676998510829e-02;
c41:1.0000000000000000000e+00;
c42:1.0000000000000000000e+00;
c43:1.0000000000000000000e+00;
b40+b41+b42+b43-1;
b41*t1+b42*t2+b43*t3-1/2;
b42*b21*t1+b43*(b31*t1+b32*t2)-1/6;
b41*t1^2+b42*t2^2+b43*t3^2-1/3;
b43*b32*b21*t1-1/24;
b42*b21*t1^2+b43*(b31*t1^2+b32*t2^2)-1/12;
b42*t2*b21*t1+b43*t3*(b31*t1+b32*t2)-1/8;
b41*t1^3+b42*t2^3+b43*t3^3-1/4;
