t1:1.0079355837451770733e+00;
t2:5.8091500727430401088e-01;
b20:3.6969172981267839719e-01;
b21:2.1122327746162561368e-01;
a20:8.9346879413665079839e-01;
a21:1.0653120586334920163e-01;
c20:2.9359182812556778723e-01;
c21:1.9827361921779811382e+00;
t3:3.3201814692009589230e-01;
b30:6.8904067897427678877e-02;
b31:2.1722497890273053318e-01;
b32:4.5889100119937680240e-02;
a30:8.6952489896164367406e-01;
a31:1.0610113169832628107e-01;
a32:2.4373969340030044874e-02;
c30:-5.4109885939840215101e-02;
c31:1.9988159015774726868e+00;
c32:1.8827093560248613358e+00;
t4:1.0000000000000000000e+00;
b40:1.0290221039070340627e-01;
b41:1.7286412780403883657e-01;
b42:3.4273383755061836466e-01;
b43:3.8149982425463939252e-01;
a40:2.0235945727340792186e-01;
a41:3.5585430851290594945e-04;
a42:1.5726842773966061466e-01;
a43:6.4001626067841855752e-01;
c40:1.4971931500883416182e-03;
c41:1.7362620532512664795e+00;
c42:1.9925427613779902458e+00;
c43:5.9607833065092563629e-01;
b40+b41+b42+b43-1;
b41*t1+b42*t2+b43*t3-1/2;
b42*b21*t1+b43*(b31*t1+b32*t2)-1/6;
b41*t1^2+b42*t2^2+b43*t3^2-1/3;
