t1:2.2591962572187185287e-01;
t2:1.0000000000000000000e+00;
b20:0.0000000000000000000e+00;
b21:1.0000000000000000000e+00;
t3:6.6079228557646274567e-01;
b30:8.8285505470051148084e-02;
b31:3.4911047743989648566e-01;
b32:2.2339630266651511192e-01;
t4:1.0000000000000000000e+00;
b40:6.8264883510083315671e-02;
b41:3.5238047517003723310e-01;
b42:1.1072052828934378608e-01;
b43:4.6863411303053566516e-01;
b40+b41+b42+b43-1;
b41*t1+b42*t2+b43*t3-1/2;
b41*t1^2+b42*t2^2+b43*t3^2-1/3;
b42*b21*t1+b43*(b31*t1+b32*t2)-1/6;
b41*t1^2+b42*t2^2+b43*t3^2-1/3;
b41*t1^3+b42*t2^3+b43*t3^3-1/4;
