t1:2.7382162073627114296e-01;
t2:1.0000000000000000000e+00;
b20:2.5175796132635087460e-01;
b21:7.4824203867364912540e-01;
t3:5.0562908773869276024e-01;
b30:1.2156585366859659613e-02;
b31:3.9852475887164473534e-01;
b32:9.4947743500188365290e-02;
t4:8.4390468522906303406e-01;
b40:2.0944397306849795641e-02;
b41:2.5473186998780047692e-01;
b42:5.9683023976518505205e-04;
b43:5.6763158769464757645e-01;
t5:1.0000000000000000000e+00;
b50:9.4095184271849774632e-02;
b51:3.2941209849787518192e-01;
b52:2.0563711749581620810e-02;
b53:2.3624216296764232436e-01;
b54:3.1968684251305109828e-01;
b50+b51+b52+b53+b54-1;
b51*t1+b52*t2+b53*t3+b54*t4-1/2;
b51*t1^2+b52*t2^2+b53*t3^2+b54*t4^2-1/3;
b52*b21*t1+b53*(b31*t1+b32*t2)+b54*(b41*t1+b42*t2+b43*t3)-1/6;
b51*t1^2+b52*t2^2+b53*t3^2+b54*t4^2-1/3;
b51*t1^3+b52*t2^3+b53*t3^3+b54*t4^3-1/4;
b53*b32*b21*t1+b54*(b42*b21*t1+b43*(b31*t1+b32*t2))-1/24;
b52*b21*t1^2+b53*(b31*t1^2+b32*t2^2)+b54*(b41*t1^2+b42*t2^2+b43*t3^2)-1/12;
b52*t2*b21*t1+b53*t3*(b31*t1+b32*t2)+b54*t4*(b41*t1+b42*t2+b43*t3)-1/8;
b51*t1^3+b52*t2^3+b53*t3^3+b54*t4^3-1/4;
b51*t1^4+b52*t2^4+b53*t3^4+b54*t4^4-1/5;
