t1:1.0272050543688237667e+00;
t2:1.0000000000000000000e+00;
b20:0.0000000000000000000e+00;
b21:1.0000000000000000000e+00;
a20:5.4544951202362077902e-01;
a21:4.5455048797637922101e-01;
c20:-8.5602159030794420207e-01;
c21:2.1999756384640932084e+00;
t3:3.6061277156695723534e-01;
b30:1.4479303546249866486e-01;
b31:1.1840400565415620804e-01;
b32:9.7415730450302362441e-02;
a30:8.7538130441944413503e-01;
a31:3.8621058713420584724e-02;
a32:8.5997636867135280262e-02;
c30:1.2008628493238696167e-01;
c31:8.3908545924350619316e-01;
c32:1.1327721783891320229e+00;
t4:5.5397628359496593476e-01;
b40:4.6610333854034155006e-01;
b41:2.0863388869042895923e-02;
b42:3.8340360779667814724e-02;
b43:2.8669195405913674059e-02;
a40:9.5293257002098138720e-01;
a41:1.2819360462858784322e-02;
a42:1.8837409011291738723e-02;
a43:1.5410660504868089771e-02;
c40:4.7296512318412181611e-01;
c41:1.5702493488788604736e-02;
c42:1.9556362559087574482e+00;
c43:1.8603482567705214024e+00;
t5:1.0000000000000000000e+00;
b50:1.5674400225244670872e-01;
b51:6.1246495774876555400e-02;
b52:8.8282569476542870730e-02;
b53:1.8361037726536655671e-01;
a50:5.0394498953064681396e-01;
a51:2.1975495392638577681e-03;
a52:2.9980343017988652832e-02;
a53:1.9248977421509384851e-01;
c50:2.3999170968480040137e-04;
c51:1.2798495353199541569e+00;
c52:1.9721571835689246655e+00;
c53:9.1345070768147706985e-01;
a50+a51+a52+a53+a54-1;
b51*t1+b52*t2+b53*t3+b54*t4-1/2;
b52*b21*t1+b53*(b31*t1+b32*t2)+b54*(b41*t1+b42*t2+b43*t3)-1/6;
b51*t1^2+b52*t2^2+b53*t3^2+b54*t4^2-1/3;
b53*b32*b21*t1+b54*(b42*b21*t1+b43*(b31*t1+b32*t2))-1/24;
b52*b21*t1^2+b53*(b31*t1^2+b32*t2^2)+b54*(b41*t1^2+b42*t2^2+b43*t3^2)-1/12;
b52*t2*b21*t1+b53*t3*(b31*t1+b32*t2)+b54*t4*(b41*t1+b42*t2+b43*t3)-1/8;
b51*t1^3+b52*t2^3+b53*t3^3+b54*t4^3-1/4;
