a0:3.0714874911859926645e-17;
b0:2.3369485312823558365e+00;
c0:7.6085236810780255180e+16;
a1:1.1032503948772445285e-19;
b1:5.0512042832414128332e-25;
c1:4.5784749379613371294e-06;
a2:1.6700109824306743425e-01;
b2:5.8664530709186343751e-01;
c2:3.5128230488521132481e+00;
a3:8.3299890175693253849e-01;
b3:1.2359160260248773478e+00;
c3:1.4836946644444859586e+00;
a4:-3.5556104910980405722e-18;
b4:-3.2463535946650691371e-01;
c4:9.1302284172936305336e+16;
a0+a1+a2+a3+a4-1;
b0+b1+b2+b3+b4-1*a1-2*a2-3*a3-4*a4-1;
-1*a1-4*a2-9*a3-16*a4+2*b1+4*b2+6*b3+8*b4+1;
-1*a1-8*a2-27*a3-64*a4+3*b1+12*b2+27*b3+48*b4+-1;
-1*a1-16*a2-81*a3-256*a4+4*b1+32*b2+108*b3+256*b4+1;
