a0:2.2286588127984324035e-01;
b0:2.1877494821505821148e+00;
c0:9.8164396882424448977e+00;
a1:5.5604224458163204354e-05;
b1:3.7058975944461542030e-04;
c1:6.6647770570642224505e+00;
a2:8.3397948423935021479e-02;
b2:6.3093025515557335580e-04;
c2:7.5652970735968105403e-03;
a3:7.0323871938735512386e-01;
b3:1.4450359158186712819e+00;
c3:2.0548298550420435666e+00;
a4:-9.5581533155915489139e-03;
b4:-3.9545187201182620398e-01;
c4:4.1373250559472941720e+01;
a0+a1+a2+a3+a4-1;
b0+b1+b2+b3+b4-1*a1-2*a2-3*a3-4*a4-1;
-1*a1-4*a2-9*a3-16*a4+2*b1+4*b2+6*b3+8*b4+1;
-1*a1-8*a2-27*a3-64*a4+3*b1+12*b2+27*b3+48*b4+-1;
-1*a1-16*a2-81*a3-256*a4+4*b1+32*b2+108*b3+256*b4+1;
