a0:7.4113818925118107276e-01;
b0:1.4481827807948613419e+00;
c0:1.9539983255458098467e+00;
a1:9.0660691169991673702e-02;
b1:1.8132138233998334740e-01;
c1:2.0000000000000000000e+00;
a2:7.0209374558697686899e-04;
b2:0.0000000000000000000e+00;
c2:0.0000000000000000000e+00;
a3:6.8547083018202843809e-03;
b3:1.3709416603640568762e-02;
c3:2.0000000000000000000e+00;
a4:0.0000000000000000000e+00;
b4:0.0000000000000000000e+00;
c4:1.3796200342476367950e+00;
a5:1.6064431753141999231e-01;
b5:2.7263701148524118408e-01;
c5:1.6971469372510910034e+00;
a6:0.0000000000000000000e+00;
b6:0.0000000000000000000e+00;
c6:4.9766400000000000011e-01;
a0+a1+a2+a3+a4+a5+a6-1;
b0+b1+b2+b3+b4+b5+b6-1*a1-2*a2-3*a3-4*a4-5*a5-6*a6-1;
-1*a1-4*a2-9*a3-16*a4-25*a5-36*a6+2*b1+4*b2+6*b3+8*b4+10*b5+12*b6+1;
-1*a1-8*a2-27*a3-64*a4-125*a5-216*a6+3*b1+12*b2+27*b3+48*b4+75*b5+108*b6+-1;
