a0:8.5764867833834644470e-01;
b0:1.3896075502618572501e+00;
c0:1.6202526574799320381e+00;
a1:2.5000021809038331021e-05;
b1:2.5010165623997533484e-05;
c1:1.0004057522444054485e+00;
a2:4.9732654775285462632e-02;
b2:0.0000000000000000000e+00;
c2:0.0000000000000000000e+00;
a3:1.9188945298083126545e-02;
b3:1.0787977867727290184e-04;
c3:5.6219754135236144153e-03;
a4:3.8293912191875278950e-02;
b4:4.9516175886171874113e-02;
c4:1.2930560773750767111e+00;
a5:3.5110809374600648880e-02;
b5:4.6530225014803308761e-02;
c5:1.3252393164272518159e+00;
a0+a1+a2+a3+a4+a5-1;
b0+b1+b2+b3+b4+b5-1*a1-2*a2-3*a3-4*a4-5*a5-1;
-1*a1-4*a2-9*a3-16*a4-25*a5+2*b1+4*b2+6*b3+8*b4+10*b5+1;
