a0:7.4957084132302409952e-01;
b0:1.5002861057846506003e+00;
c0:2.0015267711542546749e+00;
a1:5.7221156930120067205e-04;
b1:0.0000000000000000000e+00;
c1:0.0000000000000000000e+00;
a2:2.4985694710767469983e-01;
b2:0.0000000000000000000e+00;
c2:0.0000000000000000000e+00;
a0+a1+a2-1;
b0+b1+b2-1*a1-2*a2-1;
-1*a1-4*a2+2*b1+4*b2+1;
