a0:8.5639360214242283350e-01;
b0:1.2737260550119111645e+00;
c0:1.4873138377323885161e+00;
a1:8.4612970698511383779e-02;
b1:7.6979321895970259540e-02;
c1:9.0978157675445586446e-01;
a2:1.1019209801827158972e-08;
b2:0.0000000000000000000e+00;
c2:0.0000000000000000000e+00;
a3:0.0000000000000000000e+00;
b3:0.0000000000000000000e+00;
c3:1.0102056762389838696e+00;
a4:0.0000000000000000000e+00;
b4:0.0000000000000000000e+00;
c4:1.2217218918260186911e-01;
a5:0.0000000000000000000e+00;
b5:0.0000000000000000000e+00;
c5:9.9568287977948784830e-01;
a6:5.8993416139855980873e-02;
b6:8.7868112668185448615e-02;
c6:1.4894562549128547348e+00;
a0+a1+a2+a3+a4+a5+a6-1;
b0+b1+b2+b3+b4+b5+b6-1*a1-2*a2-3*a3-4*a4-5*a5-6*a6-1;
-1*a1-4*a2-9*a3-16*a4-25*a5-36*a6+2*b1+4*b2+6*b3+8*b4+10*b5+12*b6+1;
