a0:3.4246085571701207777e-01;
b0:2.0785531055780553033e+00;
c0:6.0694618695213437961e+00;
a1:6.6671383959546506960e-20;
b1:3.7649937696029208307e-20;
c1:5.6470910696669600012e-01;
a2:-0.0000000000000000000e+00;
b2:-0.0000000000000000000e+00;
c2:3.8416676924491368567e-01;
a3:1.9179825943473607332e-01;
b3:1.1641122222796929238e+00;
c3:6.0694618695213437961e+00;
a4:9.3562124939009443096e-02;
b4:5.6787174974870979381e-01;
c4:6.0694618695213437419e+00;
a5:3.7217875990924240574e-01;
b5:0.0000000000000000000e+00;
c5:0.0000000000000000000e+00;
a0+a1+a2+a3+a4+a5-1;
b0+b1+b2+b3+b4+b5-1*a1-2*a2-3*a3-4*a4-5*a5-1;
-1*a1-4*a2-9*a3-16*a4-25*a5+2*b1+4*b2+6*b3+8*b4+10*b5+1;
-1*a1-8*a2-27*a3-64*a4-125*a5+3*b1+12*b2+27*b3+48*b4+75*b5+-1;
-1*a1-16*a2-81*a3-256*a4-625*a5+4*b1+32*b2+108*b3+256*b4+500*b5+1;
