a0:3.4243815584417989923e-01;
b0:2.0785744556490063741e+00;
c0:6.0699265551319664903e+00;
a1:4.9380863258582625007e-19;
b1:6.7226511620962598561e-19;
c1:1.3613879382572016175e+00;
a2:6.1397461686594218542e-19;
b2:1.6596061492064085999e-22;
c2:2.7030533569578724549e-04;
a3:1.9191701250657166684e-01;
b3:1.1641887982216215460e+00;
c3:6.0661052556857465840e+00;
a4:9.3545579297992580332e-02;
b4:5.6766636259733666562e-01;
c4:6.0683398067269050556e+00;
a5:3.7209925235125585253e-01;
b5:1.3652030487150564483e-19;
c5:3.6689217731250000012e-19;
a0+a1+a2+a3+a4+a5-1;
b0+b1+b2+b3+b4+b5-1*a1-2*a2-3*a3-4*a4-5*a5-1;
-1*a1-4*a2-9*a3-16*a4-25*a5+2*b1+4*b2+6*b3+8*b4+10*b5+1;
-1*a1-8*a2-27*a3-64*a4-125*a5+3*b1+12*b2+27*b3+48*b4+75*b5+-1;
-1*a1-16*a2-81*a3-256*a4-625*a5+4*b1+32*b2+108*b3+256*b4+500*b5+1;
