a0:2.8255638544341132580e-01;
b0:2.0853961122569990847e+00;
c0:7.3804600415751338005e+00;
a1:1.1534022501166748087e-02;
b1:9.4553537879633753865e-02;
c1:8.1977937766350805759e+00;
a2:3.8786010625018958897e-02;
b2:2.7392284864950536974e-01;
c2:7.0624135928228497505e+00;
a3:3.3505709701326243227e-01;
b3:5.4995988818105649628e-01;
c3:1.6413915511220693588e+00;
a4:8.6986665857275939481e-02;
b4:4.4534743261541876195e-01;
c4:5.1197206862270832062e+00;
a5:6.7364441841894820258e-02;
b5:5.7620641921670821053e-01;
c5:8.5535692638717591759e+00;
a6:0.0000000000000000000e+00;
b6:0.0000000000000000000e+00;
c6:0.0000000000000000000e+00;
a7:2.4919998366385698318e-02;
b7:1.1396747866541714986e-01;
c7:4.5733341146260499954e+00;
a8:5.6586856022477149963e-02;
b8:0.0000000000000000000e+00;
c8:0.0000000000000000000e+00;
a9:9.6208522329106926918e-02;
b9:1.3270402767131042501e-01;
c9:1.3793375520035624504e+00;
a0+a1+a2+a3+a4+a5+a6+a7+a8+a9-1;
b0+b1+b2+b3+b4+b5+b6+b7+b8+b9-1*a1-2*a2-3*a3-4*a4-5*a5-6*a6-7*a7-8*a8-9*a9-1;
-1*a1-4*a2-9*a3-16*a4-25*a5-36*a6-49*a7-64*a8-81*a9+2*b1+4*b2+6*b3+8*b4+10*b5+12*b6+14*b7+16*b8+18*b9+1;
-1*a1-8*a2-27*a3-64*a4-125*a5-216*a6-343*a7-512*a8-729*a9+3*b1+12*b2+27*b3+48*b4+75*b5+108*b6+147*b7+192*b8+243*b9+-1;
-1*a1-16*a2-81*a3-256*a4-625*a5-1296*a6-2401*a7-4096*a8-6561*a9+4*b1+32*b2+108*b3+256*b4+500*b5+864*b6+1372*b7+2048*b8+2916*b9+1;
-1*a1-32*a2-243*a3-1024*a4-3125*a5-7776*a6-16807*a7-32768*a8-59049*a9+5*b1+80*b2+405*b3+1280*b4+3125*b5+6480*b6+12005*b7+20480*b8+32805*b9+-1;
