a0:9.3749999999999999995e-01;
b0:1.2500000000000000000e+00;
c0:1.3333333333333333334e+00;
a1:-0.0000000000000000000e+00;
b1:-0.0000000000000000000e+00;
c1:6.2786734683363568006e-02;
a2:0.0000000000000000000e+00;
b2:0.0000000000000000000e+00;
c2:8.5276359591387260054e-02;
a3:1.5901314062500000007e-20;
b3:1.0136114866489643543e-21;
c3:6.3743881962520313180e-02;
a4:6.2500000000000000034e-02;
b4:8.7767819853515625075e-20;
c4:1.4042851176562500005e-18;
a0+a1+a2+a3+a4-1;
b0+b1+b2+b3+b4-1*a1-2*a2-3*a3-4*a4-1;
-1*a1-4*a2-9*a3-16*a4+2*b1+4*b2+6*b3+8*b4+1;
