a0:9.5955687653472560234e-01;
b0:1.2011078086631859942e+00;
c0:1.2517317503895964787e+00;
a1:-0.0000000000000000000e+00;
b1:-0.0000000000000000000e+00;
c1:1.0634636848311366652e+00;
a2:-0.0000000000000000000e+00;
b2:-0.0000000000000000000e+00;
c2:8.8665587064960406919e-01;
a3:7.1466734811381929600e-21;
b3:7.5576882955745696891e-21;
c3:1.0575113464356731349e+00;
a4:1.1889397937638723024e-20;
b4:8.3086625655513336612e-21;
c4:6.9882954621682582684e-01;
a5:4.0443123465274397682e-02;
b5:1.1078086631859942157e-03;
c5:2.7391768198546530781e-02;
a0+a1+a2+a3+a4+a5-1;
b0+b1+b2+b3+b4+b5-1*a1-2*a2-3*a3-4*a4-5*a5-1;
-1*a1-4*a2-9*a3-16*a4-25*a5+2*b1+4*b2+6*b3+8*b4+10*b5+1;
