a0:1.3594038472553318582e-01;
b0:2.3373827255851261362e+00;
c0:1.7194174713455140591e+01;
a1:1.0663203769636050696e-19;
b1:1.4928485277490470974e-18;
c1:1.4000000000000000000e+01;
a2:1.2784596776768747438e-01;
b2:-4.8907950491833331215e-01;
c2:-3.8255371949395660233e+00;
a3:2.5733469500792670206e-01;
b3:2.5500523821965331004e+00;
c3:9.9094775468111038208e+00;
a4:5.4408321575350664289e-03;
b4:3.7303087321866235095e-02;
c4:6.8561363853514194489e+00;
a5:6.8512244722040663124e-03;
b5:6.5250273641305185739e-02;
c5:9.5238849502056837082e+00;
a6:4.6658689586911350489e-01;
b6:3.8232788293849933486e-01;
c6:8.1941410340368747711e-01;
a0+a1+a2+a3+a4+a5+a6-1;
b0+b1+b2+b3+b4+b5+b6-1*a1-2*a2-3*a3-4*a4-5*a5-6*a6-1;
-1*a1-4*a2-9*a3-16*a4-25*a5-36*a6+2*b1+4*b2+6*b3+8*b4+10*b5+12*b6+1;
-1*a1-8*a2-27*a3-64*a4-125*a5-216*a6+3*b1+12*b2+27*b3+48*b4+75*b5+108*b6+-1;
-1*a1-16*a2-81*a3-256*a4-625*a5-1296*a6+4*b1+32*b2+108*b3+256*b4+500*b5+864*b6+1;
-1*a1-32*a2-243*a3-1024*a4-3125*a5-7776*a6+5*b1+80*b2+405*b3+1280*b4+3125*b5+6480*b6+-1;
