a0:8.0043949153902943711e-01;
b0:1.4491872583479736763e+00;
c0:1.8104894544390571114e+00;
a1:1.3413236795944292136e-04;
b1:6.1349657837812458489e-05;
c1:4.5738145662471652031e-01;
a2:1.0013909795770398676e-01;
b2:0.0000000000000000000e+00;
c2:0.0000000000000000000e+00;
a3:9.9287278135307133198e-02;
b3:4.9025554683477327303e-02;
c3:4.9377478770911693574e-01;
a0+a1+a2+a3-1;
b0+b1+b2+b3-1*a1-2*a2-3*a3-1;
-1*a1-4*a2-9*a3+2*b1+4*b2+6*b3+1;
