a0:3.0106980871696960463e-01;
b0:2.1146330055779866842e+00;
c0:7.0237298604919755460e+00;
a1:3.1658545206470425409e-06;
b1:0.0000000000000000000e+00;
c1:0.0000000000000000000e+00;
a2:7.8295106709830220644e-02;
b2:0.0000000000000000000e+00;
c2:0.0000000000000000000e+00;
a3:3.0954174131830068287e-01;
b3:1.1872456512715740019e+00;
c3:3.8354945159099996092e+00;
a4:4.2513124887241385073e-02;
b4:2.9627770849417528983e-01;
c4:6.9690880000000000002e+00;
a5:2.6857705251313745975e-01;
b5:0.0000000000000000000e+00;
c5:0.0000000000000000000e+00;
a0+a1+a2+a3+a4+a5-1;
b0+b1+b2+b3+b4+b5-1*a1-2*a2-3*a3-4*a4-5*a5-1;
-1*a1-4*a2-9*a3-16*a4-25*a5+2*b1+4*b2+6*b3+8*b4+10*b5+1;
-1*a1-8*a2-27*a3-64*a4-125*a5+3*b1+12*b2+27*b3+48*b4+75*b5+-1;
-1*a1-16*a2-81*a3-256*a4-625*a5+4*b1+32*b2+108*b3+256*b4+500*b5+1;
