a0:3.2121813455682470906e-02;
b0:2.2386403771792445054e+00;
c0:6.9692216482977567160e+01;
a1:-7.8282200263360536969e-03;
b1:-3.7610271256685925455e-02;
c1:4.8044473878040909768e+00;
a2:9.7570640657065358276e-01;
b2:7.4255448719241253208e-01;
c2:7.6104295533150434494e-01;
a0+a1+a2-1;
b0+b1+b2-1*a1-2*a2-1;
-1*a1-4*a2+2*b1+4*b2+1;
-1*a1-8*a2+3*b1+12*b2+-1;
