a0:8.4644663754661111108e-01;
b0:1.4613427008204031803e+00;
c0:1.7264439788620835630e+00;
a1:3.5067215989833798788e-20;
b1:4.4786823055680520088e-20;
c1:1.2771707645301667250e+00;
a2:2.4512307577971663685e-20;
b2:1.7442232926336494508e-20;
c2:7.1157041705902903105e-01;
a3:2.0688353562174665269e-02;
b3:3.5663409720497940126e-02;
c3:1.7238399185956857422e+00;
a4:2.0327953456071068281e-21;
b4:6.9773110693643754554e-22;
c4:3.4323726116563684901e-01;
a5:1.3286500889121422364e-01;
b5:2.2938399460169399378e-01;
c5:1.7264439788620835630e+00;
a0+a1+a2+a3+a4+a5-1;
b0+b1+b2+b3+b4+b5-1*a1-2*a2-3*a3-4*a4-5*a5-1;
-1*a1-4*a2-9*a3-16*a4-25*a5+2*b1+4*b2+6*b3+8*b4+10*b5+1;
-1*a1-8*a2-27*a3-64*a4-125*a5+3*b1+12*b2+27*b3+48*b4+75*b5+-1;
