a0:6.3760562077179417653e-01;
b0:1.7858833556839906939e+00;
c0:2.8009216002867975252e+00;
a1:-0.0000000000000000000e+00;
b1:-0.0000000000000000000e+00;
c1:2.1007261242938045178e+00;
a2:0.0000000000000000000e+00;
b2:0.0000000000000000000e+00;
c2:2.7018487411325764801e+00;
a3:5.9904669073203018106e-20;
b3:7.3211087183102502846e-20;
c3:1.2221265606799221293e+00;
a4:3.0283439273111928256e-01;
b4:8.3604118077166806125e-01;
c4:2.7607207134956187997e+00;
a5:1.9383761555204554542e-03;
b5:5.6650519956459353554e-04;
c5:2.9225761880695775677e-01;
a6:5.9790689984378397431e-04;
b6:1.2917755379748726978e-03;
c6:2.1604961212395722735e+00;
a7:5.7023703441722301444e-02;
b7:2.4566250816851813253e-19;
c7:4.3080770511438799879e-18;
a0+a1+a2+a3+a4+a5+a6+a7-1;
b0+b1+b2+b3+b4+b5+b6+b7-1*a1-2*a2-3*a3-4*a4-5*a5-6*a6-7*a7-1;
-1*a1-4*a2-9*a3-16*a4-25*a5-36*a6-49*a7+2*b1+4*b2+6*b3+8*b4+10*b5+12*b6+14*b7+1;
-1*a1-8*a2-27*a3-64*a4-125*a5-216*a6-343*a7+3*b1+12*b2+27*b3+48*b4+75*b5+108*b6+147*b7+-1;
-1*a1-16*a2-81*a3-256*a4-625*a5-1296*a6-2401*a7+4*b1+32*b2+108*b3+256*b4+500*b5+864*b6+1372*b7+1;
