a0:7.8125000000000000000e-01;
b0:1.5625000000000000000e+00;
c0:2.0000000000000000000e+00;
a1:7.3327433766026550720e-21;
b1:1.4593804316923708719e-20;
c1:1.9902243358863033431e+00;
a2:1.6110460116419521433e-20;
b2:4.2078554004896175761e-21;
c2:2.6118778545629737383e-01;
a3:7.4832809467235546983e-20;
b3:8.1215892200486859384e-21;
c3:1.0852979164980576063e-01;
a4:2.1874999999999999992e-01;
b4:3.1249999999999999992e-01;
c4:1.4285714285714285716e+00;
a0+a1+a2+a3+a4-1;
b0+b1+b2+b3+b4-1*a1-2*a2-3*a3-4*a4-1;
-1*a1-4*a2-9*a3-16*a4+2*b1+4*b2+6*b3+8*b4+1;
-1*a1-8*a2-27*a3-64*a4+3*b1+12*b2+27*b3+48*b4+-1;
