a0:7.7747491884061346759e-02;
b0:2.4637389909385789379e+00;
c0:3.1688983544479569998e+01;
a1:-7.8546161405456080154e-01;
b1:-4.0695960769520462842e-19;
c1:5.1811520819518475842e-19;
a2:6.1167380562245202672e-02;
b2:7.0536637165217503856e-01;
c2:1.1531740695261251246e+01;
a3:1.3556976907304241306e-01;
b3:4.1662626547233582871e+00;
c3:3.0731502186734973416e+01;
a4:-2.9954439326485248395e-04;
b4:-1.7130936899726162729e-03;
c4:5.7189976794455489335e+00;
a5:1.5112765169284766915e+00;
b5:9.6511193773424124270e-01;
c5:6.3860711585444196806e-01;
a0+a1+a2+a3+a4+a5-1;
b0+b1+b2+b3+b4+b5-1*a1-2*a2-3*a3-4*a4-5*a5-1;
-1*a1-4*a2-9*a3-16*a4-25*a5+2*b1+4*b2+6*b3+8*b4+10*b5+1;
-1*a1-8*a2-27*a3-64*a4-125*a5+3*b1+12*b2+27*b3+48*b4+75*b5+-1;
-1*a1-16*a2-81*a3-256*a4-625*a5+4*b1+32*b2+108*b3+256*b4+500*b5+1;
-1*a1-32*a2-243*a3-1024*a4-3125*a5+5*b1+80*b2+405*b3+1280*b4+3125*b5+-1;
