a0:8.1912843444116060766e-01;
b0:1.5010644330364309820e+00;
c0:1.8325141332207714980e+00;
a1:-0.0000000000000000000e+00;
b1:-0.0000000000000000000e+00;
c1:1.1100622142368663822e+00;
a2:0.0000000000000000000e+00;
b2:0.0000000000000000000e+00;
c2:1.4441818866993288770e+00;
a3:-0.0000000000000000000e+00;
b3:-0.0000000000000000000e+00;
c3:1.1116797394132808776e+00;
a4:1.1889242036066428098e-01;
b4:2.0873101705668049537e-01;
c4:1.7556293027216345267e+00;
a5:4.9343268221225603138e-02;
b5:9.0422165161287085857e-02;
c5:1.8325126895909764397e+00;
a6:5.2818590854566112004e-21;
b6:3.3603107071841875982e-21;
c6:6.3619847724386843383e-01;
a7:2.1075360642112253214e-20;
b7:2.3506545423773060187e-20;
c7:1.1153567344799251008e+00;
a8:1.2635876976949508280e-02;
b8:2.3155423109982642714e-02;
c8:1.8325141303783658627e+00;
a0+a1+a2+a3+a4+a5+a6+a7+a8-1;
b0+b1+b2+b3+b4+b5+b6+b7+b8-1*a1-2*a2-3*a3-4*a4-5*a5-6*a6-7*a7-8*a8-1;
-1*a1-4*a2-9*a3-16*a4-25*a5-36*a6-49*a7-64*a8+2*b1+4*b2+6*b3+8*b4+10*b5+12*b6+14*b7+16*b8+1;
-1*a1-8*a2-27*a3-64*a4-125*a5-216*a6-343*a7-512*a8+3*b1+12*b2+27*b3+48*b4+75*b5+108*b6+147*b7+192*b8+-1;
