a0:1.3836621322822672331e-01;
b0:3.0234124791887641145e+00;
c0:2.1850800196445555563e+01;
a1:-1.7052023102043768808e-02;
b1:-2.9840902406075301052e+00;
c1:1.7499919057990674538e+02;
a2:2.8131874910586656134e-01;
b2:4.1198285431842170371e+00;
c2:1.4644699495780258355e+01;
a3:-1.3163593440464790424e-04;
b3:-1.5435088661482260692e-03;
c3:1.1725589012826019445e+01;
a4:-7.7108619846697365682e-03;
b4:-6.1678621359226074575e-01;
c4:7.9989269010198511059e+01;
a5:6.1172296143860906820e-01;
b5:1.2210261717265533051e+00;
c5:1.9960443676252167767e+00;
a6:-6.5134027515841996577e-03;
b6:-2.2796572098225877421e-01;
c6:3.4999481788042756475e+01;
a7:0.0000000000000000000e+00;
b7:0.0000000000000000000e+00;
c7:6.4478972412416451351e+00;
a8:0.0000000000000000000e+00;
b8:0.0000000000000000000e+00;
c8:1.5440778183761591979e-01;
a0+a1+a2+a3+a4+a5+a6+a7+a8-1;
b0+b1+b2+b3+b4+b5+b6+b7+b8-1*a1-2*a2-3*a3-4*a4-5*a5-6*a6-7*a7-8*a8-1;
-1*a1-4*a2-9*a3-16*a4-25*a5-36*a6-49*a7-64*a8+2*b1+4*b2+6*b3+8*b4+10*b5+12*b6+14*b7+16*b8+1;
-1*a1-8*a2-27*a3-64*a4-125*a5-216*a6-343*a7-512*a8+3*b1+12*b2+27*b3+48*b4+75*b5+108*b6+147*b7+192*b8+-1;
-1*a1-16*a2-81*a3-256*a4-625*a5-1296*a6-2401*a7-4096*a8+4*b1+32*b2+108*b3+256*b4+500*b5+864*b6+1372*b7+2048*b8+1;
-1*a1-32*a2-243*a3-1024*a4-3125*a5-7776*a6-16807*a7-32768*a8+5*b1+80*b2+405*b3+1280*b4+3125*b5+6480*b6+12005*b7+20480*b8+-1;
-1*a1-64*a2-729*a3-4096*a4-15625*a5-46656*a6-117649*a7-262144*a8+6*b1+192*b2+1458*b3+6144*b4+18750*b5+46656*b6+100842*b7+196608*b8+1;
