a0:1.3367533923146829780e-01;
b0:1.3853577985438650774e+00;
c0:1.0363600395619869232e+01;
a1:-1.7245047427063365840e-01;
b1:-0.0000000000000000000e+00;
c1:0.0000000000000000000e+00;
a2:3.2570556947345414799e-01;
b2:3.9084668336814497760e+00;
c2:1.2000000000000000000e+01;
a3:4.6905734920328808254e-02;
b3:5.6286881904394569902e-01;
c3:1.2000000000000000000e+01;
a4:0.0000000000000000000e+00;
b4:0.0000000000000000000e+00;
c4:0.0000000000000000000e+00;
a5:8.3143725525587797165e-02;
b5:2.1914030306892030939e-01;
c5:2.6356805842369794846e+00;
a6:1.0722555429674685001e-01;
b6:3.2370152617507506800e-01;
c6:3.0188841484487056732e+00;
a7:3.9377824403345584869e-02;
b7:2.5118721834830974420e-01;
c7:6.3789003621786832809e+00;
a8:1.1626417245715856552e-01;
b8:1.1576234875471066652e-01;
c8:9.9568376317620277405e-01;
a9:1.8024164275266230106e-01;
b9:0.0000000000000000000e+00;
c9:0.0000000000000000000e+00;
a10:1.3991091120988130569e-01;
b10:6.9983004484866491272e-01;
c10:5.0019690301269292831e+00;
a0+a1+a2+a3+a4+a5+a6+a7+a8+a9+a10-1;
b0+b1+b2+b3+b4+b5+b6+b7+b8+b9+b10-1*a1-2*a2-3*a3-4*a4-5*a5-6*a6-7*a7-8*a8-9*a9-10*a10-1;
-1*a1-4*a2-9*a3-16*a4-25*a5-36*a6-49*a7-64*a8-81*a9-100*a10+2*b1+4*b2+6*b3+8*b4+10*b5+12*b6+14*b7+16*b8+18*b9+20*b10+1;
-1*a1-8*a2-27*a3-64*a4-125*a5-216*a6-343*a7-512*a8-729*a9-1000*a10+3*b1+12*b2+27*b3+48*b4+75*b5+108*b6+147*b7+192*b8+243*b9+300*b10+-1;
