a0:9.3750000000000000000e-01;
b0:1.2500000000000000000e+00;
c0:1.3333333333333333334e+00;
a1:-0.0000000000000000000e+00;
b1:-0.0000000000000000000e+00;
c1:1.2153156268433428814e+00;
a2:-0.0000000000000000000e+00;
b2:-0.0000000000000000000e+00;
c2:2.8186516636593768724e-01;
a3:1.9299631437554840954e-20;
b3:1.7286130910332722828e-20;
c3:8.9567155550421134025e-01;
a4:6.2500000000000000000e-02;
b4:5.8441920310424525106e-21;
c4:9.3507072496679240169e-20;
a0+a1+a2+a3+a4-1;
b0+b1+b2+b3+b4-1*a1-2*a2-3*a3-4*a4-1;
-1*a1-4*a2-9*a3-16*a4+2*b1+4*b2+6*b3+8*b4+1;
