a0:5.3338267424757409326e-01;
b0:1.5637099163510932592e+00;
c0:2.9316848706362067464e+00;
a1:1.4174797036559846410e-01;
b1:4.4275070538127447547e-01;
c1:3.1235064900000000007e+00;
a2:1.6756212942062813672e-06;
b2:0.0000000000000000000e+00;
c2:0.0000000000000000000e+00;
a3:2.3955213166858581441e-02;
b3:0.0000000000000000000e+00;
c3:0.0000000000000000000e+00;
a4:3.0091246659867465496e-01;
b4:4.1080620577109350634e-01;
c4:1.3652016827836632729e+00;
a0+a1+a2+a3+a4-1;
b0+b1+b2+b3+b4-1*a1-2*a2-3*a3-4*a4-1;
-1*a1-4*a2-9*a3-16*a4+2*b1+4*b2+6*b3+8*b4+1;
-1*a1-8*a2-27*a3-64*a4+3*b1+12*b2+27*b3+48*b4+-1;
