a0:8.3381480246947360045e-01;
b0:1.4782480984413316678e+00;
c0:1.7728734175302088261e+00;
a1:7.7153711785538686017e-07;
b1:1.1369930047024985083e-06;
c1:1.4736724629178643227e+00;
a2:5.9908095589899793421e-03;
b2:9.4129271714037547793e-03;
c2:1.5712279081344604492e+00;
a3:5.1615994799368983284e-02;
b3:0.0000000000000000000e+00;
c3:0.0000000000000000000e+00;
a4:1.4587047044187784195e-02;
b4:2.0340819005461971587e-02;
c4:1.3944439161568880081e+00;
a5:9.3990574590861797333e-02;
b5:1.8712845457306279058e-01;
c5:1.9909278710937500000e+00;
a0+a1+a2+a3+a4+a5-1;
b0+b1+b2+b3+b4+b5-1*a1-2*a2-3*a3-4*a4-5*a5-1;
-1*a1-4*a2-9*a3-16*a4-25*a5+2*b1+4*b2+6*b3+8*b4+10*b5+1;
-1*a1-8*a2-27*a3-64*a4-125*a5+3*b1+12*b2+27*b3+48*b4+75*b5+-1;
