a0:5.0244945519170352893e-01;
b0:1.8548215986787815755e+00;
c0:3.6915585826858878134e+00;
a1:1.4195836265010341694e-04;
b1:5.1105010554037230099e-04;
c1:3.5999999999999999999e+00;
a2:3.4641327732921688273e-01;
b2:0.0000000000000000000e+00;
c2:0.0000000000000000000e+00;
a3:1.5099530911642948488e-01;
b3:2.9062179158605037555e-01;
c3:1.9247074183076620102e+00;
a0+a1+a2+a3-1;
b0+b1+b2+b3-1*a1-2*a2-3*a3-1;
-1*a1-4*a2-9*a3+2*b1+4*b2+6*b3+1;
-1*a1-8*a2-27*a3+3*b1+12*b2+27*b3+-1;
