a0:8.4689604366860651841e-01;
b0:1.3915518413680887304e+00;
c0:1.6431200166435161591e+00;
a1:5.7044184185537620102e-06;
b1:0.0000000000000000000e+00;
c1:0.0000000000000000000e+00;
a2:2.8601741100334737732e-02;
b2:0.0000000000000000000e+00;
c2:0.0000000000000000000e+00;
a3:1.2449651081264019012e-01;
b3:3.9146877688919869298e-02;
c3:3.1444156493537060747e-01;
a4:0.0000000000000000000e+00;
b4:0.0000000000000000000e+00;
c4:3.4496443136595189571e-01;
a0+a1+a2+a3+a4-1;
b0+b1+b2+b3+b4-1*a1-2*a2-3*a3-4*a4-1;
-1*a1-4*a2-9*a3-16*a4+2*b1+4*b2+6*b3+8*b4+1;
