a0:9.6809957569091162496e-01;
b0:1.1790346062605984584e+00;
c0:1.2178856760877589343e+00;
a1:-0.0000000000000000000e+00;
b1:-0.0000000000000000000e+00;
c1:1.0916659779167867254e+00;
a2:-0.0000000000000000000e+00;
b2:-0.0000000000000000000e+00;
c2:6.1248122097702157489e-01;
a3:3.1535787789476537168e-21;
b3:3.7009878901567068238e-21;
c3:1.1735834585339653428e+00;
a4:4.3683962396286512551e-20;
b4:3.4755986792041378834e-20;
c4:7.9562349396665346213e-01;
a5:1.2180433338034997175e-20;
b5:7.6328730563354519969e-21;
c5:6.2665036986006129600e-01;
a6:3.1900424309088375017e-02;
b6:1.2367939593931791773e-02;
c6:3.8770454819336642627e-01;
a0+a1+a2+a3+a4+a5+a6-1;
b0+b1+b2+b3+b4+b5+b6-1*a1-2*a2-3*a3-4*a4-5*a5-6*a6-1;
-1*a1-4*a2-9*a3-16*a4-25*a5-36*a6+2*b1+4*b2+6*b3+8*b4+10*b5+12*b6+1;
