a0:8.4318077260989958812e-01;
b0:1.4496311926817038900e+00;
c0:1.7192412822634187632e+00;
a1:2.0779642968064645173e-02;
b1:1.1461808805804634308e-02;
c1:5.5158834169671749019e-01;
a2:4.5022071404723266552e-20;
b2:2.2191311306986544433e-20;
c2:4.9289849655070409423e-01;
a3:3.0850733220131119551e-21;
b3:3.0193235255282812530e-21;
c3:9.7868776861292658219e-01;
a4:1.8171995440898790531e-20;
b4:1.3578883636466893773e-20;
c4:7.4724229821814656315e-01;
a5:1.3603958442203576665e-01;
b5:2.3988456359073495432e-01;
c5:1.7633438429695637976e+00;
a0+a1+a2+a3+a4+a5-1;
b0+b1+b2+b3+b4+b5-1*a1-2*a2-3*a3-4*a4-5*a5-1;
-1*a1-4*a2-9*a3-16*a4-25*a5+2*b1+4*b2+6*b3+8*b4+10*b5+1;
-1*a1-8*a2-27*a3-64*a4-125*a5+3*b1+12*b2+27*b3+48*b4+75*b5+-1;
