a0:1.8431410499855234892e-01;
b0:2.8404855667215650507e+00;
c0:1.5411113364025368355e+01;
a1:-1.3210000554399883663e-02;
b1:-2.1976053294167682641e+00;
c1:1.6635921553272055462e+02;
a2:1.9014335884461715004e-01;
b2:2.5468811620241883105e+00;
c2:1.3394531250000000000e+01;
a3:7.7589849886895006655e-02;
b3:9.9549489196914986054e-01;
c3:1.2830220620613545179e+01;
a4:1.0455057404750780873e-04;
b4:1.6872221068689281876e-04;
c4:1.6137855982524342835e+00;
a5:2.3466160258103160476e-05;
b5:2.9789313324213271134e-04;
c5:1.2694583603180944920e+01;
a6:9.4878834175196761599e-02;
b6:1.2613625044240308506e+00;
c6:1.3294456191302742809e+01;
a7:4.6615583591483300552e-01;
b7:-1.4339754718083241869e-02;
c7:-3.0761718750000000000e-02;
a0+a1+a2+a3+a4+a5+a6+a7-1;
b0+b1+b2+b3+b4+b5+b6+b7-1*a1-2*a2-3*a3-4*a4-5*a5-6*a6-7*a7-1;
-1*a1-4*a2-9*a3-16*a4-25*a5-36*a6-49*a7+2*b1+4*b2+6*b3+8*b4+10*b5+12*b6+14*b7+1;
-1*a1-8*a2-27*a3-64*a4-125*a5-216*a6-343*a7+3*b1+12*b2+27*b3+48*b4+75*b5+108*b6+147*b7+-1;
-1*a1-16*a2-81*a3-256*a4-625*a5-1296*a6-2401*a7+4*b1+32*b2+108*b3+256*b4+500*b5+864*b6+1372*b7+1;
-1*a1-32*a2-243*a3-1024*a4-3125*a5-7776*a6-16807*a7+5*b1+80*b2+405*b3+1280*b4+3125*b5+6480*b6+12005*b7+-1;
-1*a1-64*a2-729*a3-4096*a4-15625*a5-46656*a6-117649*a7+6*b1+192*b2+1458*b3+6144*b4+18750*b5+46656*b6+100842*b7+1;
