a0:7.8125000000000000000e-01;
b0:1.5625000000000000000e+00;
c0:2.0000000000000000000e+00;
a1:1.4157134390293367550e-20;
b1:1.4438410152228704501e-20;
c1:1.0198681282652928385e+00;
a2:1.6539427153199991335e-21;
b2:2.3288091963306324975e-21;
c2:1.4080349789382291419e+00;
a3:8.2867858596861753963e-20;
b3:1.2978378673707758386e-20;
c3:1.5661534994943450714e-01;
a4:2.1874999999999999992e-01;
b4:3.1249999999999999992e-01;
c4:1.4285714285714285716e+00;
a0+a1+a2+a3+a4-1;
b0+b1+b2+b3+b4-1*a1-2*a2-3*a3-4*a4-1;
-1*a1-4*a2-9*a3-16*a4+2*b1+4*b2+6*b3+8*b4+1;
-1*a1-8*a2-27*a3-64*a4+3*b1+12*b2+27*b3+48*b4+-1;
