a0:9.5999946198040470100e-01;
b0:1.2000013450489882476e+00;
c0:1.2500021016402219739e+00;
a1:-0.0000000000000000000e+00;
b1:-0.0000000000000000000e+00;
c1:1.0336603935782763633e+00;
a2:-0.0000000000000000000e+00;
b2:-0.0000000000000000000e+00;
c2:2.6350383762676660821e-01;
a3:1.7188166248705118044e-20;
b3:1.6109562060877383517e-21;
c3:9.3724727977255910635e-02;
a4:2.6922872429948920194e-20;
b4:2.5881196113942868269e-22;
c4:9.6130887152860797994e-03;
a5:4.0000538019595299023e-02;
b5:1.3450489882476138987e-06;
c5:3.3625772423078580423e-05;
a0+a1+a2+a3+a4+a5-1;
b0+b1+b2+b3+b4+b5-1*a1-2*a2-3*a3-4*a4-5*a5-1;
-1*a1-4*a2-9*a3-16*a4-25*a5+2*b1+4*b2+6*b3+8*b4+10*b5+1;
