a0:2.7608565814613501854e-01;
b0:2.6750134864165337040e+00;
c0:9.6890707919374108315e+00;
a1:-1.3397622131998760394e+00;
b1:2.0096433197998140592e-01;
c1:-1.5000000000000000001e-01;
a2:-4.8360167430186956477e-03;
b2:-1.1140044990713741568e-02;
c2:2.3035579863935709000e+00;
a3:4.9248953853862252169e-01;
b3:5.2758520058798745391e+00;
c3:1.0712617412209510803e+01;
a4:1.7473281264868466477e-02;
b4:2.0967937517842159772e-01;
c4:1.2000000000000000000e+01;
a5:0.0000000000000000000e+00;
b5:0.0000000000000000000e+00;
c5:1.2000000000000000000e+01;
a6:2.9212625790387392044e-01;
b6:3.5055150948464870453e+00;
c6:1.2000000000000000000e+01;
a7:9.6861306577920913696e-01;
b7:0.0000000000000000000e+00;
c7:0.0000000000000000000e+00;
a8:1.0544057097285985947e-01;
b8:5.5526193462003053947e-01;
c8:5.2661127448081970215e+00;
a9:6.4716944005340337753e-02;
b9:0.0000000000000000000e+00;
c9:0.0000000000000000000e+00;
a10:1.2765291333198547363e-01;
b10:2.2336515087317043715e-02;
c10:1.7497849836945533752e-01;
a0+a1+a2+a3+a4+a5+a6+a7+a8+a9+a10-1;
b0+b1+b2+b3+b4+b5+b6+b7+b8+b9+b10-1*a1-2*a2-3*a3-4*a4-5*a5-6*a6-7*a7-8*a8-9*a9-10*a10-1;
-1*a1-4*a2-9*a3-16*a4-25*a5-36*a6-49*a7-64*a8-81*a9-100*a10+2*b1+4*b2+6*b3+8*b4+10*b5+12*b6+14*b7+16*b8+18*b9+20*b10+1;
-1*a1-8*a2-27*a3-64*a4-125*a5-216*a6-343*a7-512*a8-729*a9-1000*a10+3*b1+12*b2+27*b3+48*b4+75*b5+108*b6+147*b7+192*b8+243*b9+300*b10+-1;
-1*a1-16*a2-81*a3-256*a4-625*a5-1296*a6-2401*a7-4096*a8-6561*a9-10000*a10+4*b1+32*b2+108*b3+256*b4+500*b5+864*b6+1372*b7+2048*b8+2916*b9+4000*b10+1;
