a0:1.6987430463926301866e-02;
b0:2.4579091639536219034e+00;
c0:1.4468987344337454219e+02;
a1:-1.3193341858741657775e-02;
b1:-2.3433401645153770031e-01;
c1:1.7761536005092783297e+01;
a2:4.7877798745406418925e-02;
b2:4.2132462895957648654e-01;
c2:8.8000000000000000002e+00;
a3:7.9308481504988674138e-01;
b3:1.8326681297812303039e+00;
c3:2.3108097583055496216e+00;
a4:-8.1577307907519956513e-04;
b4:-4.6643068145589725735e-03;
c4:5.7176522910594940186e+00;
a5:-5.6347283980044677439e-03;
b5:-3.3807131546391360497e-01;
c5:5.9997801417303654421e+01;
a6:1.6169379907660186291e-01;
b6:2.6571047697060102760e-01;
c6:1.6432941676676273346e+00;
a0+a1+a2+a3+a4+a5+a6-1;
b0+b1+b2+b3+b4+b5+b6-1*a1-2*a2-3*a3-4*a4-5*a5-6*a6-1;
-1*a1-4*a2-9*a3-16*a4-25*a5-36*a6+2*b1+4*b2+6*b3+8*b4+10*b5+12*b6+1;
-1*a1-8*a2-27*a3-64*a4-125*a5-216*a6+3*b1+12*b2+27*b3+48*b4+75*b5+108*b6+-1;
-1*a1-16*a2-81*a3-256*a4-625*a5-1296*a6+4*b1+32*b2+108*b3+256*b4+500*b5+864*b6+1;
-1*a1-32*a2-243*a3-1024*a4-3125*a5-7776*a6+5*b1+80*b2+405*b3+1280*b4+3125*b5+6480*b6+-1;
