a0:6.3119725360141708617e-02;
b0:2.3072097267634543829e+00;
c0:3.6552911369611106946e+01;
a1:-6.6958436708178025839e-02;
b1:-0.0000000000000000000e+00;
c1:0.0000000000000000000e+00;
a2:4.2273966300036913828e-02;
b2:4.6174444234779328975e-01;
c2:1.0922666661334545567e+01;
a3:7.0829738032912447917e-02;
b3:2.0240645689397332985e+00;
c3:2.8576479670152265700e+01;
a4:8.9073500701508695552e-01;
b4:0.0000000000000000000e+00;
c4:0.0000000000000000000e+00;
a0+a1+a2+a3+a4-1;
b0+b1+b2+b3+b4-1*a1-2*a2-3*a3-4*a4-1;
-1*a1-4*a2-9*a3-16*a4+2*b1+4*b2+6*b3+8*b4+1;
-1*a1-8*a2-27*a3-64*a4+3*b1+12*b2+27*b3+48*b4+-1;
-1*a1-16*a2-81*a3-256*a4+4*b1+32*b2+108*b3+256*b4+1;
