a0:2.3612981007049389396e-01;
b0:2.5023439632845190014e+00;
c0:1.0597323406720533967e+01;
a1:-7.2898542281090725069e-02;
b1:-8.0188396509199797574e-01;
c1:1.1000000000000000000e+01;
a2:3.4532638713641689127e-02;
b2:3.3346750155590017126e-01;
c2:9.6565890698693692684e+00;
a3:3.8758131867033546181e-01;
b3:2.3520451984687023620e+00;
c3:6.0685205534100532532e+00;
a4:-1.1203134943667036768e-01;
b4:-0.0000000000000000000e+00;
c4:0.0000000000000000000e+00;
a5:-6.1985596249386569934e-02;
b5:-9.3706701869315900399e-02;
c5:1.5117496247403323650e+00;
a6:9.9405200845095894134e-02;
b6:1.0934572092960548354e+00;
c6:1.1000000000000000000e+01;
a7:0.0000000000000000000e+00;
b7:0.0000000000000000000e+00;
c7:9.0715088904835283756e+00;
a8:1.5428112959489226341e-01;
b8:8.6068285900363184095e-01;
c8:5.5786657853983342647e+00;
a9:3.3498539007268846035e-01;
b9:0.0000000000000000000e+00;
c9:0.0000000000000000000e+00;
a0+a1+a2+a3+a4+a5+a6+a7+a8+a9-1;
b0+b1+b2+b3+b4+b5+b6+b7+b8+b9-1*a1-2*a2-3*a3-4*a4-5*a5-6*a6-7*a7-8*a8-9*a9-1;
-1*a1-4*a2-9*a3-16*a4-25*a5-36*a6-49*a7-64*a8-81*a9+2*b1+4*b2+6*b3+8*b4+10*b5+12*b6+14*b7+16*b8+18*b9+1;
-1*a1-8*a2-27*a3-64*a4-125*a5-216*a6-343*a7-512*a8-729*a9+3*b1+12*b2+27*b3+48*b4+75*b5+108*b6+147*b7+192*b8+243*b9+-1;
-1*a1-16*a2-81*a3-256*a4-625*a5-1296*a6-2401*a7-4096*a8-6561*a9+4*b1+32*b2+108*b3+256*b4+500*b5+864*b6+1372*b7+2048*b8+2916*b9+1;
-1*a1-32*a2-243*a3-1024*a4-3125*a5-7776*a6-16807*a7-32768*a8-59049*a9+5*b1+80*b2+405*b3+1280*b4+3125*b5+6480*b6+12005*b7+20480*b8+32805*b9+-1;
-1*a1-64*a2-729*a3-4096*a4-15625*a5-46656*a6-117649*a7-262144*a8-531441*a9+6*b1+192*b2+1458*b3+6144*b4+18750*b5+46656*b6+100842*b7+196608*b8+354294*b9+1;
