a0:2.9260181809473316880e-01;
b0:2.1541187283715715723e+00;
c0:7.3619458088061199854e+00;
a1:3.9060354621174077906e-03;
b1:2.8426320044450046953e-02;
c1:7.2775376261024860452e+00;
a2:6.6236580217213199927e-19;
b2:9.6556482105019954366e-19;
c2:1.4577516198507993667e+00;
a3:1.0762439263777837072e-01;
b3:7.8134967452459652839e-01;
c3:7.2599682597449265980e+00;
a4:2.0621665916516882131e-01;
b4:1.5181238051092534192e+00;
c4:7.3617903192453292027e+00;
a5:9.9786181628061288516e-07;
b5:4.0388309153545805102e-06;
c5:4.0474851822757831788e+00;
a6:2.0079816028413404493e-02;
b6:3.2767597321919717441e-02;
c6:1.6318674073284739620e+00;
a7:3.6957028074997254563e-01;
b7:3.4433153656279081605e-01;
c7:9.3170786315402715318e-01;
a0+a1+a2+a3+a4+a5+a6+a7-1;
b0+b1+b2+b3+b4+b5+b6+b7-1*a1-2*a2-3*a3-4*a4-5*a5-6*a6-7*a7-1;
-1*a1-4*a2-9*a3-16*a4-25*a5-36*a6-49*a7+2*b1+4*b2+6*b3+8*b4+10*b5+12*b6+14*b7+1;
-1*a1-8*a2-27*a3-64*a4-125*a5-216*a6-343*a7+3*b1+12*b2+27*b3+48*b4+75*b5+108*b6+147*b7+-1;
-1*a1-16*a2-81*a3-256*a4-625*a5-1296*a6-2401*a7+4*b1+32*b2+108*b3+256*b4+500*b5+864*b6+1372*b7+1;
-1*a1-32*a2-243*a3-1024*a4-3125*a5-7776*a6-16807*a7+5*b1+80*b2+405*b3+1280*b4+3125*b5+6480*b6+12005*b7+-1;
