a0:1.6317185112016571009e-01;
b0:1.9414553939081409002e+00;
c0:1.1898224973119795322e+01;
a1:7.3598462799856885002e-02;
b1:7.8004541944201101445e-01;
c1:1.0598664561286568642e+01;
a2:3.3875729162352832627e-03;
b2:2.8981854647446330291e-02;
c2:8.5553448926657438278e+00;
a3:8.0953384611020276113e-02;
b3:2.3895219693625747753e-01;
c3:2.9517258368432521820e+00;
a4:1.9152453863443655016e-01;
b4:1.1535545957643350019e+00;
c4:6.0230120066553354263e+00;
a5:2.4331523988874821365e-01;
b5:9.7792114843702995661e-01;
c5:4.0191528853029012680e+00;
a6:0.0000000000000000000e+00;
b6:0.0000000000000000000e+00;
c6:3.0250218752771615982e+00;
a7:1.5759158413857221603e-03;
b7:1.7779008761739319849e-02;
c7:1.1281699374318122864e+01;
a8:4.3781491694971919060e-02;
b8:0.0000000000000000000e+00;
c8:0.0000000000000000000e+00;
a9:6.8207434611395001411e-02;
b9:4.4751565544763829150e-01;
c9:6.5610978920012712479e+00;
a10:1.3048410788178443909e-01;
b10:-3.0582212784793227912e-04;
c10:-2.3437500000000000001e-03;
a0+a1+a2+a3+a4+a5+a6+a7+a8+a9+a10-1;
b0+b1+b2+b3+b4+b5+b6+b7+b8+b9+b10-1*a1-2*a2-3*a3-4*a4-5*a5-6*a6-7*a7-8*a8-9*a9-10*a10-1;
-1*a1-4*a2-9*a3-16*a4-25*a5-36*a6-49*a7-64*a8-81*a9-100*a10+2*b1+4*b2+6*b3+8*b4+10*b5+12*b6+14*b7+16*b8+18*b9+20*b10+1;
-1*a1-8*a2-27*a3-64*a4-125*a5-216*a6-343*a7-512*a8-729*a9-1000*a10+3*b1+12*b2+27*b3+48*b4+75*b5+108*b6+147*b7+192*b8+243*b9+300*b10+-1;
-1*a1-16*a2-81*a3-256*a4-625*a5-1296*a6-2401*a7-4096*a8-6561*a9-10000*a10+4*b1+32*b2+108*b3+256*b4+500*b5+864*b6+1372*b7+2048*b8+2916*b9+4000*b10+1;
-1*a1-32*a2-243*a3-1024*a4-3125*a5-7776*a6-16807*a7-32768*a8-59049*a9-100000*a10+5*b1+80*b2+405*b3+1280*b4+3125*b5+6480*b6+12005*b7+20480*b8+32805*b9+50000*b10+-1;
