a0:9.7190333427573720243e-01;
b0:1.1687865106871107578e+00;
c0:1.2025748543790015764e+00;
a1:-0.0000000000000000000e+00;
b1:-0.0000000000000000000e+00;
c1:3.4036624262667824722e-01;
a2:-0.0000000000000000000e+00;
b2:-0.0000000000000000000e+00;
c2:1.1756250125831926554e+00;
a3:1.7468088897692525468e-20;
b3:1.0129961727650842719e-21;
c3:5.7991242127173831028e-02;
a4:7.1577332352987446443e-21;
b4:5.8846633799883468681e-21;
c4:8.2214063957676075016e-01;
a5:1.1385589989387827853e-20;
b5:1.2139055193307547769e-20;
c5:1.0661770891646372808e+00;
a6:5.2218429687182526880e-03;
b6:4.2518139503041105908e-03;
c6:8.1423627170997747243e-01;
a7:2.2874822755544544925e-02;
b7:1.8416492463706462244e-02;
c7:8.0509880494014126299e-01;
a0+a1+a2+a3+a4+a5+a6+a7-1;
b0+b1+b2+b3+b4+b5+b6+b7-1*a1-2*a2-3*a3-4*a4-5*a5-6*a6-7*a7-1;
-1*a1-4*a2-9*a3-16*a4-25*a5-36*a6-49*a7+2*b1+4*b2+6*b3+8*b4+10*b5+12*b6+14*b7+1;
