a0:5.9259259259259259255e-01;
b0:1.7777777777777777774e+00;
c0:2.9999999999999999996e+00;
a1:4.8228600619826026821e-20;
b1:8.4494185230753663867e-20;
c1:1.7519518324157931268e+00;
a2:3.5818802359186323719e-19;
b2:6.6661179494976578373e-20;
c2:1.8610666773977220210e-01;
a3:4.0740740740740740702e-01;
b3:4.4444444444444444411e-01;
c3:1.0909090909090909093e+00;
a0+a1+a2+a3-1;
b0+b1+b2+b3-1*a1-2*a2-3*a3-1;
-1*a1-4*a2-9*a3+2*b1+4*b2+6*b3+1;
-1*a1-8*a2-27*a3+3*b1+12*b2+27*b3+-1;
