a0:4.8789097761847699530e-19;
b0:2.2499999999999999998e+00;
c0:4.6116860184273879035e+18;
a1:-1.4890594969987281322e-28;
b1:-6.7762635787789324612e-19;
c1:4.5507003530999408751e+09;
a2:9.9999999999999999951e-01;
b2:7.4999999999999999984e-01;
c2:7.5000000000000000022e-01;
a0+a1+a2-1;
b0+b1+b2-1*a1-2*a2-1;
-1*a1-4*a2+2*b1+4*b2+1;
-1*a1-8*a2+3*b1+12*b2+-1;
