a0:5.9259259259259259266e-01;
b0:1.7777777777777777778e+00;
c0:2.9999999999999999996e+00;
a1:-0.0000000000000000000e+00;
b1:-0.0000000000000000000e+00;
c1:7.6587571477077404325e-01;
a2:2.9294812985460570585e-19;
b2:1.7210247294218227422e-20;
c2:5.8748445681356341870e-02;
a3:4.0740740740740740710e-01;
b3:4.4444444444444444422e-01;
c3:1.0909090909090909093e+00;
a0+a1+a2+a3-1;
b0+b1+b2+b3-1*a1-2*a2-3*a3-1;
-1*a1-4*a2-9*a3+2*b1+4*b2+6*b3+1;
-1*a1-8*a2-27*a3+3*b1+12*b2+27*b3+-1;
