a0:7.5000000000000000000e-01;
b0:1.5000000000000000000e+00;
c0:2.0000000000000000000e+00;
a1:-0.0000000000000000000e+00;
b1:-0.0000000000000000000e+00;
c1:6.0599999913280632253e-02;
a2:2.5000000000000000000e-01;
b2:0.0000000000000000000e+00;
c2:0.0000000000000000000e+00;
a0+a1+a2-1;
b0+b1+b2-1*a1-2*a2-1;
-1*a1-4*a2+2*b1+4*b2+1;
