a0:8.4480112154567288027e-01;
b0:1.4639402733906650752e+00;
c0:1.7328815457917445293e+00;
a1:3.3829504995555713756e-20;
b1:5.0443356490446441552e-20;
c1:1.4911053678460072244e+00;
a2:5.8336786343869952060e-03;
b2:1.0014271054707721047e-02;
c2:1.7166305657767903104e+00;
a3:7.3338636804015530517e-20;
b3:9.2650222599420633192e-20;
c3:1.2633207629289849319e+00;
a4:3.1052158470489904104e-02;
b4:4.8464167471654026391e-02;
c4:1.5607342567735329567e+00;
a5:1.1831304134945022032e-01;
b5:2.0502248598095788594e-01;
c5:1.7328815457917445293e+00;
a6:1.1198116324359615034e-21;
b6:1.2374191626203077116e-21;
c6:1.1050243869395345043e+00;
a7:1.5948789671507288585e-21;
b7:2.0566287490940798899e-21;
c7:1.2895202654583079547e+00;
a0+a1+a2+a3+a4+a5+a6+a7-1;
b0+b1+b2+b3+b4+b5+b6+b7-1*a1-2*a2-3*a3-4*a4-5*a5-6*a6-7*a7-1;
-1*a1-4*a2-9*a3-16*a4-25*a5-36*a6-49*a7+2*b1+4*b2+6*b3+8*b4+10*b5+12*b6+14*b7+1;
-1*a1-8*a2-27*a3-64*a4-125*a5-216*a6-343*a7+3*b1+12*b2+27*b3+48*b4+75*b5+108*b6+147*b7+-1;
