a0:5.3120972883859979248e-01;
b0:1.8958180771814159148e+00;
c0:3.5688692700081028741e+00;
a1:-0.0000000000000000000e+00;
b1:-0.0000000000000000000e+00;
c1:9.6858522411789997836e-01;
a2:0.0000000000000000000e+00;
b2:0.0000000000000000000e+00;
c2:3.1900209479685044231e+00;
a3:1.0028713466700784005e-01;
b3:3.3866395541182540849e-01;
c3:3.3769431795645673984e+00;
a4:2.2938196758428803054e-01;
b4:8.1863425520556034020e-01;
c4:3.5688692700081028741e+00;
a5:1.9182440094156862449e-19;
b5:5.0012308017188174533e-19;
c5:2.6071921909675274901e+00;
a6:1.3912116891010433676e-01;
b6:0.0000000000000000000e+00;
c6:0.0000000000000000000e+00;
a0+a1+a2+a3+a4+a5+a6-1;
b0+b1+b2+b3+b4+b5+b6-1*a1-2*a2-3*a3-4*a4-5*a5-6*a6-1;
-1*a1-4*a2-9*a3-16*a4-25*a5-36*a6+2*b1+4*b2+6*b3+8*b4+10*b5+12*b6+1;
-1*a1-8*a2-27*a3-64*a4-125*a5-216*a6+3*b1+12*b2+27*b3+48*b4+75*b5+108*b6+-1;
-1*a1-16*a2-81*a3-256*a4-625*a5-1296*a6+4*b1+32*b2+108*b3+256*b4+500*b5+864*b6+1;
