a0:4.1247250686538520259e-01;
b0:2.0516077401060994992e+00;
c0:4.9739260337554171689e+00;
a1:4.1524057842369420090e-04;
b1:1.9350248520122761203e-03;
c1:4.6600090467022163500e+00;
a2:9.7532547255459887393e-19;
b2:1.1280188540986243627e-18;
c2:1.1565563351319912227e+00;
a3:9.9577497410335174637e-02;
b3:3.6337352883905443289e-01;
c3:3.6491530545468377959e+00;
a4:2.7594828257463798992e-01;
b4:1.3712842153651378662e+00;
c4:4.9693522372049385885e+00;
a5:9.1253470423553784022e-04;
b5:2.2627677007072621471e-03;
c5:2.4796511192446774911e+00;
a6:1.1108610103816892183e-03;
b6:7.3771662057515083247e-04;
c6:6.6409443997109336369e-01;
a7:1.8737305961178829857e-01;
b7:1.7114131023042878450e-03;
c7:9.1337202149023179213e-03;
a8:2.2190017244812412039e-02;
b8:1.1038785134657561392e-01;
c8:4.9746627111063698840e+00;
a0+a1+a2+a3+a4+a5+a6+a7+a8-1;
b0+b1+b2+b3+b4+b5+b6+b7+b8-1*a1-2*a2-3*a3-4*a4-5*a5-6*a6-7*a7-8*a8-1;
-1*a1-4*a2-9*a3-16*a4-25*a5-36*a6-49*a7-64*a8+2*b1+4*b2+6*b3+8*b4+10*b5+12*b6+14*b7+16*b8+1;
-1*a1-8*a2-27*a3-64*a4-125*a5-216*a6-343*a7-512*a8+3*b1+12*b2+27*b3+48*b4+75*b5+108*b6+147*b7+192*b8+-1;
-1*a1-16*a2-81*a3-256*a4-625*a5-1296*a6-2401*a7-4096*a8+4*b1+32*b2+108*b3+256*b4+500*b5+864*b6+1372*b7+2048*b8+1;
-1*a1-32*a2-243*a3-1024*a4-3125*a5-7776*a6-16807*a7-32768*a8+5*b1+80*b2+405*b3+1280*b4+3125*b5+6480*b6+12005*b7+20480*b8+-1;
