a0:1.2065094895867991203e-02;
b0:7.0088061796419017557e-02;
c0:5.8091595964506268501e+00;
a1:3.4867395670521502608e-01;
b1:4.1840874804625803130e+00;
c1:1.2000000000000000000e+01;
a2:-2.1109011201576981636e-01;
b2:-0.0000000000000000000e+00;
c2:0.0000000000000000000e+00;
a3:0.0000000000000000000e+00;
b3:0.0000000000000000000e+00;
c3:4.2907561585307121277e+00;
a4:7.3324261466041207314e-02;
b4:0.0000000000000000000e+00;
c4:0.0000000000000000000e+00;
a5:1.1756922770291566849e-01;
b5:1.2220484292919129056e+00;
c5:1.0394288141280412674e+01;
a6:4.2781390994787216187e-01;
b6:0.0000000000000000000e+00;
c6:0.0000000000000000000e+00;
a7:3.1194472452625632286e-02;
b7:3.7433366943150758743e-01;
c7:1.2000000000000000000e+01;
a8:1.9611976481974124908e-02;
b8:2.3534371778368949889e-01;
c8:1.2000000000000000000e+01;
a9:1.5434529888443648815e-01;
b9:0.0000000000000000000e+00;
c9:0.0000000000000000000e+00;
a10:2.6491913478821516037e-02;
b10:3.1790296174585819244e-01;
c10:1.2000000000000000000e+01;
a0+a1+a2+a3+a4+a5+a6+a7+a8+a9+a10-1;
b0+b1+b2+b3+b4+b5+b6+b7+b8+b9+b10-1*a1-2*a2-3*a3-4*a4-5*a5-6*a6-7*a7-8*a8-9*a9-10*a10-1;
-1*a1-4*a2-9*a3-16*a4-25*a5-36*a6-49*a7-64*a8-81*a9-100*a10+2*b1+4*b2+6*b3+8*b4+10*b5+12*b6+14*b7+16*b8+18*b9+20*b10+1;
