a0:2.7105054312137610850e-19;
b0:2.2500000000000000000e+00;
c0:8.3010348331692982270e+18;
a1:-9.5345761420751291542e-20;
b1:-2.3740826089533892172e-19;
c1:2.4899718388915061951e+00;
a2:9.9999999999999999984e-01;
b2:7.4999999999999999995e-01;
c2:7.5000000000000000005e-01;
a0+a1+a2-1;
b0+b1+b2-1*a1-2*a2-1;
-1*a1-4*a2+2*b1+4*b2+1;
-1*a1-8*a2+3*b1+12*b2+-1;
