a0:3.3610267347050637454e-17;
b0:2.4862105628635944557e+00;
c0:7.3971758010480805898e+16;
a1:-5.1923076923076931543e-01;
b1:-0.0000000000000000000e+00;
c1:0.0000000000000000000e+00;
a2:4.6359171329813488273e-17;
b2:4.6153846153846161732e-01;
c2:9.9557099123911038633e+15;
a3:1.5671686845759546131e-17;
b3:4.1538461538461537736e+00;
c3:2.6505418304540100031e+17;
a4:4.1328305870875879192e-18;
b4:2.5032604628990122096e-17;
c4:6.0570120409001901862e+00;
a5:1.5192307692307692156e+00;
b5:9.6923076923076921578e-01;
c5:6.3797468354430379397e-01;
a0+a1+a2+a3+a4+a5-1;
b0+b1+b2+b3+b4+b5-1*a1-2*a2-3*a3-4*a4-5*a5-1;
-1*a1-4*a2-9*a3-16*a4-25*a5+2*b1+4*b2+6*b3+8*b4+10*b5+1;
-1*a1-8*a2-27*a3-64*a4-125*a5+3*b1+12*b2+27*b3+48*b4+75*b5+-1;
-1*a1-16*a2-81*a3-256*a4-625*a5+4*b1+32*b2+108*b3+256*b4+500*b5+1;
-1*a1-32*a2-243*a3-1024*a4-3125*a5+5*b1+80*b2+405*b3+1280*b4+3125*b5+-1;
