a0:8.8888888888888888888e-01;
b0:1.3333333333333333333e+00;
c0:1.4999999999999999999e+00;
a1:-0.0000000000000000000e+00;
b1:-0.0000000000000000000e+00;
c1:1.8737590366501578364e-01;
a2:0.0000000000000000000e+00;
b2:0.0000000000000000000e+00;
c2:6.7648553730259100858e-02;
a3:1.1111111111111111111e-01;
b3:0.0000000000000000000e+00;
c3:0.0000000000000000000e+00;
a0+a1+a2+a3-1;
b0+b1+b2+b3-1*a1-2*a2-3*a3-1;
-1*a1-4*a2-9*a3+2*b1+4*b2+6*b3+1;
