a0:7.4664996130031213717e-01;
b0:1.5022333591331251679e+00;
c0:2.0119646916165949690e+00;
a1:4.4667182662504554408e-03;
b1:0.0000000000000000000e+00;
c1:0.0000000000000000000e+00;
a2:2.4888332043343736055e-01;
b2:0.0000000000000000000e+00;
c2:0.0000000000000000000e+00;
a0+a1+a2-1;
b0+b1+b2-1*a1-2*a2-1;
-1*a1-4*a2+2*b1+4*b2+1;
