a0:5.0411127661151499345e-02;
b0:2.5212791100529118591e+00;
c0:5.0014336655989821260e+01;
a1:-1.3468141712699846444e+00;
b1:-0.0000000000000000000e+00;
c1:0.0000000000000000000e+00;
a2:7.1121202479787374140e-02;
b2:1.8284627882712978227e+00;
c2:2.5709109583614625132e+01;
a3:1.0960413039420891087e-01;
b3:4.4508135726868224397e+00;
c3:4.0608082530090375727e+01;
a4:1.2234190839918495351e+00;
b4:0.0000000000000000000e+00;
c4:0.0000000000000000000e+00;
a5:8.9225862674298732499e-01;
b5:6.7865462354351948070e-01;
c5:7.6060303952544927597e-01;
a0+a1+a2+a3+a4+a5-1;
b0+b1+b2+b3+b4+b5-1*a1-2*a2-3*a3-4*a4-5*a5-1;
-1*a1-4*a2-9*a3-16*a4-25*a5+2*b1+4*b2+6*b3+8*b4+10*b5+1;
-1*a1-8*a2-27*a3-64*a4-125*a5+3*b1+12*b2+27*b3+48*b4+75*b5+-1;
-1*a1-16*a2-81*a3-256*a4-625*a5+4*b1+32*b2+108*b3+256*b4+500*b5+1;
-1*a1-32*a2-243*a3-1024*a4-3125*a5+5*b1+80*b2+405*b3+1280*b4+3125*b5+-1;
