a0:4.5218918847079316560e-01;
b0:1.9346507777776509500e+00;
c0:4.2784100706171787750e+00;
a1:9.2943125608656334407e-06;
b1:1.4829423541936682389e-05;
c1:1.5955374262295663356e+00;
a2:7.3903116709763248940e-02;
b2:3.1584771557778479746e-01;
c2:4.2738077856472668644e+00;
a3:6.3792331128697890565e-02;
b3:1.1487195021831316656e-02;
c3:1.8007172364741563797e-01;
a4:2.4965004773587242175e-01;
b4:1.0385283241147361664e+00;
c4:4.1599364131245434285e+00;
a5:0.0000000000000000000e+00;
b5:0.0000000000000000000e+00;
c5:0.0000000000000000000e+00;
a6:1.6045602164231240750e-01;
b6:0.0000000000000000000e+00;
c6:0.0000000000000000000e+00;
a0+a1+a2+a3+a4+a5+a6-1;
b0+b1+b2+b3+b4+b5+b6-1*a1-2*a2-3*a3-4*a4-5*a5-6*a6-1;
-1*a1-4*a2-9*a3-16*a4-25*a5-36*a6+2*b1+4*b2+6*b3+8*b4+10*b5+12*b6+1;
-1*a1-8*a2-27*a3-64*a4-125*a5-216*a6+3*b1+12*b2+27*b3+48*b4+75*b5+108*b6+-1;
-1*a1-16*a2-81*a3-256*a4-625*a5-1296*a6+4*b1+32*b2+108*b3+256*b4+500*b5+864*b6+1;
