a0:8.3814529037473002658e-01;
b0:1.4685715502433047853e+00;
c0:1.7521682303872574858e+00;
a1:2.8801283665952351304e-20;
b1:2.5055869275530284952e-20;
c1:8.6995668547753878625e-01;
a2:6.0361750109495719129e-21;
b2:9.3665965673808908404e-21;
c2:1.5517437036517267254e+00;
a3:3.4576670796393883301e-02;
b3:6.0584139350036435134e-02;
c3:1.7521680935330233631e+00;
a4:4.5955748450440934918e-03;
b4:6.0889644284151184471e-03;
c4:1.3249625201908111287e+00;
a5:1.0800212583249430380e-01;
b5:1.8923789369798345249e-01;
c5:1.7521682303872574858e+00;
a6:1.4680338151337692792e-02;
b6:2.5722422120115908149e-02;
c6:1.7521682303872574855e+00;
a0+a1+a2+a3+a4+a5+a6-1;
b0+b1+b2+b3+b4+b5+b6-1*a1-2*a2-3*a3-4*a4-5*a5-6*a6-1;
-1*a1-4*a2-9*a3-16*a4-25*a5-36*a6+2*b1+4*b2+6*b3+8*b4+10*b5+12*b6+1;
-1*a1-8*a2-27*a3-64*a4-125*a5-216*a6+3*b1+12*b2+27*b3+48*b4+75*b5+108*b6+-1;
