a0:2.2978422109533799871e-01;
b0:2.2339272521213104675e+00;
c0:9.7218479209434008224e+00;
a1:4.7593706283145227920e-03;
b1:4.6390552468179144347e-02;
c1:9.7472031684592366219e+00;
a2:9.7546459591123918197e-04;
b2:9.4977625939634550344e-03;
c2:9.7366553678875789046e+00;
a3:5.7696081180555036376e-02;
b3:5.5981352048447777123e-01;
c3:9.7027997227851301432e+00;
a4:2.3207528072268982002e-01;
b4:2.2552651405849992103e+00;
c4:9.7178171391715295613e+00;
a5:2.6922912707781387392e-03;
b5:2.6281041645258626540e-02;
c5:9.7615892940375488251e+00;
a6:1.4927397665017904282e-02;
b6:4.3396330807450392639e-02;
c6:2.9071598266018554568e+00;
a7:0.0000000000000000000e+00;
b7:0.0000000000000000000e+00;
c7:2.2013136034074705094e+00;
a8:9.1186904759524622932e-02;
b8:8.9055783298610827697e-01;
c8:9.7662908433470875021e+00;
a9:8.6437156493047950789e-02;
b9:4.4808403730666836813e-01;
c9:5.1839284803718328476e+00;
a10:2.7946583158882276621e-01;
b10:0.0000000000000000000e+00;
c10:0.0000000000000000000e+00;
a0+a1+a2+a3+a4+a5+a6+a7+a8+a9+a10-1;
b0+b1+b2+b3+b4+b5+b6+b7+b8+b9+b10-1*a1-2*a2-3*a3-4*a4-5*a5-6*a6-7*a7-8*a8-9*a9-10*a10-1;
-1*a1-4*a2-9*a3-16*a4-25*a5-36*a6-49*a7-64*a8-81*a9-100*a10+2*b1+4*b2+6*b3+8*b4+10*b5+12*b6+14*b7+16*b8+18*b9+20*b10+1;
-1*a1-8*a2-27*a3-64*a4-125*a5-216*a6-343*a7-512*a8-729*a9-1000*a10+3*b1+12*b2+27*b3+48*b4+75*b5+108*b6+147*b7+192*b8+243*b9+300*b10+-1;
-1*a1-16*a2-81*a3-256*a4-625*a5-1296*a6-2401*a7-4096*a8-6561*a9-10000*a10+4*b1+32*b2+108*b3+256*b4+500*b5+864*b6+1372*b7+2048*b8+2916*b9+4000*b10+1;
-1*a1-32*a2-243*a3-1024*a4-3125*a5-7776*a6-16807*a7-32768*a8-59049*a9-100000*a10+5*b1+80*b2+405*b3+1280*b4+3125*b5+6480*b6+12005*b7+20480*b8+32805*b9+50000*b10+-1;
-1*a1-64*a2-729*a3-4096*a4-15625*a5-46656*a6-117649*a7-262144*a8-531441*a9-1000000*a10+6*b1+192*b2+1458*b3+6144*b4+18750*b5+46656*b6+100842*b7+196608*b8+354294*b9+600000*b10+1;
