a0:6.7982269394886487895e-01;
b0:1.7319379983578155601e+00;
c0:2.5476319248737657277e+00;
a1:-0.0000000000000000000e+00;
b1:-0.0000000000000000000e+00;
c1:2.5398988139047115418e+00;
a2:-0.0000000000000000000e+00;
b2:-0.0000000000000000000e+00;
c2:1.4193580941390847672e+00;
a3:2.6873218431065399649e-20;
b3:6.2536529287156755534e-20;
c3:2.3270948899393688832e+00;
a4:2.2957794413390526884e-01;
b4:5.8487987739338764636e-01;
c4:2.5476309564487015279e+00;
a5:5.8771038160077543473e-02;
b5:1.4972697296397320157e-01;
c5:2.5476319229916364871e+00;
a6:6.0186855437136939952e-05;
b6:1.2788990293191648900e-04;
c6:2.1248809561996972602e+00;
a7:1.3828792909374131066e-20;
b7:1.9936412108927345885e-20;
c7:1.4416596039566866176e+00;
a8:3.1768136901715171800e-02;
b8:4.4506424466434648113e-07;
c8:1.4009768531320995447e-05;
a0+a1+a2+a3+a4+a5+a6+a7+a8-1;
b0+b1+b2+b3+b4+b5+b6+b7+b8-1*a1-2*a2-3*a3-4*a4-5*a5-6*a6-7*a7-8*a8-1;
-1*a1-4*a2-9*a3-16*a4-25*a5-36*a6-49*a7-64*a8+2*b1+4*b2+6*b3+8*b4+10*b5+12*b6+14*b7+16*b8+1;
-1*a1-8*a2-27*a3-64*a4-125*a5-216*a6-343*a7-512*a8+3*b1+12*b2+27*b3+48*b4+75*b5+108*b6+147*b7+192*b8+-1;
-1*a1-16*a2-81*a3-256*a4-625*a5-1296*a6-2401*a7-4096*a8+4*b1+32*b2+108*b3+256*b4+500*b5+864*b6+1372*b7+2048*b8+1;
