t1:7.8982138013177360974e-01;
t2:5.9777690783685586372e-01;
b20:3.0583474316428771044e-01;
b21:2.9194216467256815328e-01;
a20:6.2870111561903409552e-01;
a21:3.7129888438096590451e-01;
c20:2.0001468979013642205e-02;
c21:7.8627266860577225678e-01;
t3:1.0000000000000000000e+00;
b30:2.3652282257103255579e-01;
b31:2.2708788829667030501e-01;
b32:5.3638928913229713918e-01;
a30:2.8437680520449595497e-01;
a31:3.6489392729603653494e-02;
a32:6.7913380206590039155e-01;
c30:2.8540147055125208438e-08;
c31:7.8982120181622846863e-01;
c32:7.8981385921392865176e-01;
b30+b31+b32-1;
b31*t1+b32*t2-1/2;
b31*t1^2+b32*t2^2-1/3;
a20+a21-1;
a20*c20+a21*t1-b20;
a21*c21-b21;
a30+a31+a32-1;
a30*c30+a31*t1+a32*b20-b30;
a31*c31+a32*b21-b31;
a32*c32-b32;
