t1:1.0000000000000000000e+00;
t2:1.0000000000000000000e+00;
b20:0.0000000000000000000e+00;
b21:1.0000000000000000000e+00;
t3:1.0000000000000000000e+00;
b30:5.0000000000000000000e-01;
b31:4.1987952776253223419e-02;
b32:4.5801204722374677658e-01;
b30+b31+b32-1;
b31*t1+b32*t2-1/2;
b31*t1^2+b32*t2^2-1/3;
