fpprec:20;
fpprintprec:fpprec;
t1:1.0000000000000000000b+00;
t2:6.1707086535170674324b-01;
b20:3.8077645286590419368b-01;
b21:2.3629441248580254957b-01;
t3:1.0000000000000000000b+00;
b30:2.2990676432005414102b-01;
b31:6.4758458977679900036b-02;
b32:7.0533477670226595897b-01;
b30+b31+b32+-1;
b31*t1+b32*t2+-1/2;
b31*t1^2+b32*t2^2+-1/3;
b32*(b21*t1+0)+-1/6;
b31*t1^3+b32*t2^3+-1/4;
