t1:1.0000000000000000000e+00;
t2:3.5284470906481146812e-01;
b20:1.2752157403156161308e-01;
b21:2.2532313503324985504e-01;
t3:1.0000000000000000000e+00;
b30:2.7648672674151155641e-02;
b31:2.4246263763706439170e-01;
b32:7.2988868968878445266e-01;
b30+b31+b32-1;
b31*t1+b32*t2-1/2;
b31*t1^2+b32*t2^2-1/3;
