fpprec:20;
fpprintprec:fpprec;
a0:8.5070886694862817186b-01;
b0:1.4596384365511027726b+00;
c0:1.7157907872602979252b+00;
a1:2.0371939234824805906b-17;
b1:3.4911309954033242775b-17;
c1:1.7136959595065998235b+00;
a2:6.5356782508476889349b-09;
b2:1.1213856531235629616b-08;
c2:1.7157907872501484832b+00;
a3:6.6223577504085200517b-09;
b3:1.1362580418069621791b-08;
c3:1.7157907872568024356b+00;
a4:3.0664845144810880622b-02;
b4:5.2614458792230185394b-02;
c4:1.7157907872602979251b+00;
a5:1.1862627474852492595b-01;
b5:2.0353786934052798298b-01;
c5:1.7157907872602979252b+00;
a0+a1+a2+a3+a4+a5-1b0;
b0+b1+b2+b3+b4+b5-1b0*a1-2b0*a2-3b0*a3-4b0*a4-5b0*a5-1b0;
-1b0*a1-4b0*a2-9b0*a3-16b0*a4-25b0*a5+2b0*b1+4b0*b2+6b0*b3+8b0*b4+10b0*b5+1b0;
-1b0*a1-8b0*a2-27b0*a3-64b0*a4-125b0*a5+3b0*b1+12b0*b2+27b0*b3+48b0*b4+75b0*b5+-1b0;
