fpprec:20;
fpprintprec:fpprec;
a0:9.7222222222222222225b-01;
b0:1.1666666666666666665b+00;
c0:1.1999999999999999998b+00;
a1:0.0000000000000000000b+00;
b1:0.0000000000000000000b+00;
c1:-nan;
a2:4.9708359692059539764b-22;
b2:0.0000000000000000000b+00;
c2:0.0000000000000000000b+00;
a3:1.2720004099786582420b-20;
b3:0.0000000000000000000b+00;
c3:0.0000000000000000000b+00;
a4:1.3277222172237166558b-20;
b4:0.0000000000000000000b+00;
c4:0.0000000000000000000b+00;
a5:9.3054436781525005066b-21;
b5:0.0000000000000000000b+00;
c5:0.0000000000000000000b+00;
a6:2.7777777777777777762b-02;
b6:0.0000000000000000000b+00;
c6:0.0000000000000000000b+00;
a0+a1+a2+a3+a4+a5+a6-1b0;
b0+b1+b2+b3+b4+b5+b6-1b0*a1-2b0*a2-3b0*a3-4b0*a4-5b0*a5-6b0*a6-1b0;
-1b0*a1-4b0*a2-9b0*a3-16b0*a4-25b0*a5-36b0*a6+2b0*b1+4b0*b2+6b0*b3+8b0*b4+10b0*b5+12b0*b6+1b0;
