fpprec:20;
fpprintprec:fpprec;
a0:5.9259259259259259271b-01;
b0:1.7777777777777777775b+00;
c0:2.9999999999999999989b+00;
a1:0.0000000000000000000b+00;
b1:0.0000000000000000000b+00;
c1:-nan;
a2:7.4919869344834517539b-20;
b2:0.0000000000000000000b+00;
c2:0.0000000000000000000b+00;
a3:4.0740740740740740723b-01;
b3:4.4444444444444444428b-01;
c3:1.0909090909090909091b+00;
a0+a1+a2+a3-1b0;
b0+b1+b2+b3-1b0*a1-2b0*a2-3b0*a3-1b0;
-1b0*a1-4b0*a2-9b0*a3+2b0*b1+4b0*b2+6b0*b3+1b0;
-1b0*a1-8b0*a2-27b0*a3+3b0*b1+12b0*b2+27b0*b3+-1b0;
