fpprec:20;
fpprintprec:fpprec;
a0:7.5000000000000000000b-01;
b0:1.5000000000000000000b+00;
c0:2.0000000000000000000b+00;
a1:0.0000000000000000000b+00;
b1:0.0000000000000000000b+00;
c1:-nan;
a2:2.5000000000000000000b-01;
b2:0.0000000000000000000b+00;
c2:0.0000000000000000000b+00;
a0+a1+a2-1b0;
b0+b1+b2-1b0*a1-2b0*a2-1b0;
-1b0*a1-4b0*a2+2b0*b1+4b0*b2+1b0;
