a0:7.8829368045062841465e-01;
b0:1.5506525653907456095e+00;
c0:1.9671000844562326276e+00;
a1:1.7123625496179455104e-03;
b1:0.0000000000000000000e+00;
c1:0.0000000000000000000e+00;
a2:7.2265692397806869833e-06;
b2:0.0000000000000000000e+00;
c2:0.0000000000000000000e+00;
a3:7.0607701123935430594e-04;
b3:8.1996047287230480704e-21;
c3:1.1612904255770266725e-17;
a4:1.6971035513331285677e-01;
b4:2.9306741586575905495e-01;
c4:1.7268682022116170910e+00;
a5:3.9570298285961648091e-02;
b5:3.6817977428370572838e-02;
c5:9.3044477861397582825e-01;
a0+a1+a2+a3+a4+a5-1;
b0+b1+b2+b3+b4+b5-1*a1-2*a2-3*a3-4*a4-5*a5-1;
-1*a1-4*a2-9*a3-16*a4-25*a5+2*b1+4*b2+6*b3+8*b4+10*b5+1;
-1*a1-8*a2-27*a3-64*a4-125*a5+3*b1+12*b2+27*b3+48*b4+75*b5+-1;
