fpprec:20;
fpprintprec:fpprec;
a0:7.5000000000000000005b-01;
b0:1.5000000000000000000b+00;
c0:1.9999999999999999999b+00;
a1:0.0000000000000000000b+00;
b1:-1.0842021724855044340b-19;
c1:-inf;
a2:2.4999999999999999995b-01;
b2:0.0000000000000000000b+00;
c2:0.0000000000000000000b+00;
a0+a1+a2-1;
b0+b1+b2-1*a1-2*a2-1;
-1*a1-4*a2+2*b1+4*b2+1;
