fpprec:20;
fpprintprec:fpprec;
a0:9.3749999999999999995b-01;
b0:1.2499999999999999999b+00;
c0:1.3333333333333333333b+00;
a1:3.7174446289471009103b-20;
b1:0.0000000000000000000b+00;
c1:0.0000000000000000000b+00;
a2:2.5349771801641900973b-20;
b2:0.0000000000000000000b+00;
c2:0.0000000000000000000b+00;
a3:1.6258970031875680097b-20;
b3:0.0000000000000000000b+00;
c3:0.0000000000000000000b+00;
a4:6.2499999999999999983b-02;
b4:0.0000000000000000000b+00;
c4:0.0000000000000000000b+00;
a0+a1+a2+a3+a4-1;
b0+b1+b2+b3+b4-1*a1-2*a2-3*a3-4*a4-1;
-1*a1-4*a2-9*a3-16*a4+2*b1+4*b2+6*b3+8*b4+1;
