fpprec:20;
fpprintprec:fpprec;
a0:3.4246085571701207699b-01;
b0:2.0785531055780553042b+00;
c0:6.0694618695213438130b+00;
a1:0.0000000000000000000b+00;
b1:0.0000000000000000000b+00;
c1:-nan;
a2:1.3004179570799764446b-19;
b2:0.0000000000000000000b+00;
c2:0.0000000000000000000b+00;
a3:1.9179825943473607351b-01;
b3:1.1641122222796929259b+00;
c3:6.0694618695213438013b+00;
a4:9.3562124939009442649b-02;
b4:5.6787174974870979462b-01;
c4:6.0694618695213437796b+00;
a5:3.7217875990924240674b-01;
b5:1.2945684113465819574b-19;
c5:3.4783511333700739257b-19;
a0+a1+a2+a3+a4+a5-1b0;
b0+b1+b2+b3+b4+b5-1b0*a1-2b0*a2-3b0*a3-4b0*a4-5b0*a5-1b0;
-1b0*a1-4b0*a2-9b0*a3-16b0*a4-25b0*a5+2b0*b1+4b0*b2+6b0*b3+8b0*b4+10b0*b5+1b0;
-1b0*a1-8b0*a2-27b0*a3-64b0*a4-125b0*a5+3b0*b1+12b0*b2+27b0*b3+48b0*b4+75b0*b5+-1b0;
-1b0*a1-16b0*a2-81b0*a3-256b0*a4-625b0*a5+4b0*b1+32b0*b2+108b0*b3+256b0*b4+500b0*b5+1b0;
