fpprec:20;
fpprintprec:fpprec;
a0:7.8125000000000000005b-01;
b0:1.5624999999999999998b+00;
c0:1.9999999999999999996b+00;
a1:0.0000000000000000000b+00;
b1:0.0000000000000000000b+00;
c1:-nan;
a2:2.1684043449710088680b-20;
b2:0.0000000000000000000b+00;
c2:0.0000000000000000000b+00;
a3:0.0000000000000000000b+00;
b3:0.0000000000000000000b+00;
c3:-nan;
a4:2.1874999999999999996b-01;
b4:3.1249999999999999995b-01;
c4:1.4285714285714285715b+00;
a0+a1+a2+a3+a4-1;
b0+b1+b2+b3+b4-1*a1-2*a2-3*a3-4*a4-1;
-1*a1-4*a2-9*a3-16*a4+2*b1+4*b2+6*b3+8*b4+1;
-1*a1-8*a2-27*a3-64*a4+3*b1+12*b2+27*b3+48*b4+-1;
