a0:9.3749423939619224675e-01;
b0:1.2500098753208132913e+00;
c0:1.3333520599826849101e+00;
a1:1.0652440937500000004e-20;
b1:0.0000000000000000000e+00;
c1:0.0000000000000000000e+00;
a2:2.3281994937500000009e-20;
b2:0.0000000000000000000e+00;
c2:0.0000000000000000000e+00;
a3:1.3167094417721784660e-05;
b3:0.0000000000000000000e+00;
c3:0.0000000000000000000e+00;
a4:6.2492593509390031493e-02;
b4:0.0000000000000000000e+00;
c4:0.0000000000000000000e+00;
a0+a1+a2+a3+a4-1;
b0+b1+b2+b3+b4-1*a1-2*a2-3*a3-4*a4-1;
-1*a1-4*a2-9*a3-16*a4+2*b1+4*b2+6*b3+8*b4+1;
