fpprec:20;
fpprintprec:fpprec;
a0:-5.4210108624275221700b-20;
b0:2.5268361918394895470b+00;
c0:-4.6611900547049915472b+19;
a1:0.0000000000000000000b+00;
b1:-3.3418095919744775723b-01;
c1:-inf;
a2:0.0000000000000000000b+00;
b2:6.8361918394895548945b-02;
c2:inf;
a3:0.0000000000000000000b+00;
b3:3.5316380816051044260b+00;
c3:inf;
a4:2.4984888006251654804b-18;
b4:-5.6581904080255220507b-01;
c4:-2.2646450953111113053b+17;
a5:9.9999999999999999756b-01;
b5:7.7316380816051043831b-01;
c5:7.7316380816051044020b-01;
a0+a1+a2+a3+a4+a5-1b0;
b0+b1+b2+b3+b4+b5-1b0*a1-2b0*a2-3b0*a3-4b0*a4-5b0*a5-1b0;
-1b0*a1-4b0*a2-9b0*a3-16b0*a4-25b0*a5+2b0*b1+4b0*b2+6b0*b3+8b0*b4+10b0*b5+1b0;
-1b0*a1-8b0*a2-27b0*a3-64b0*a4-125b0*a5+3b0*b1+12b0*b2+27b0*b3+48b0*b4+75b0*b5+-1b0;
-1b0*a1-16b0*a2-81b0*a3-256b0*a4-625b0*a5+4b0*b1+32b0*b2+108b0*b3+256b0*b4+500b0*b5+1b0;
-1b0*a1-32b0*a2-243b0*a3-1024b0*a4-3125b0*a5+5b0*b1+80b0*b2+405b0*b3+1280b0*b4+3125b0*b5+-1b0;
