a0:9.4217208973919457083e-01;
b0:1.2005948174278021990e+00;
c0:1.2742839981177349289e+00;
a1:1.6788004304165237097e-02;
b1:2.1392685245129420873e-02;
c1:1.2742839981177349289e+00;
a2:2.3447185104987654308e-20;
b2:0.0000000000000000000e+00;
c2:0.0000000000000000000e+00;
a3:1.3098696916177448457e-20;
b3:0.0000000000000000000e+00;
c3:0.0000000000000000000e+00;
a4:3.1414434577476443161e-08;
b4:0.0000000000000000000e+00;
c4:0.0000000000000000000e+00;
a5:4.1039874542205614592e-02;
b5:0.0000000000000000000e+00;
c5:0.0000000000000000000e+00;
a0+a1+a2+a3+a4+a5-1;
b0+b1+b2+b3+b4+b5-1*a1-2*a2-3*a3-4*a4-5*a5-1;
-1*a1-4*a2-9*a3-16*a4-25*a5+2*b1+4*b2+6*b3+8*b4+10*b5+1;
