a0:5.8870474213350826542e-01;
b0:1.7811102210284211566e+00;
c0:3.0254728619537695565e+00;
a1:1.7323380401401689001e-15;
b1:0.0000000000000000000e+00;
c1:0.0000000000000000000e+00;
a2:1.4995994627891741403e-02;
b2:0.0000000000000000000e+00;
c2:0.0000000000000000000e+00;
a3:3.9629926323859826086e-01;
b3:4.3777955794315884098e-01;
c3:1.1046691189016586952e+00;
a0+a1+a2+a3-1;
b0+b1+b2+b3-1*a1-2*a2-3*a3-1;
-1*a1-4*a2-9*a3+2*b1+4*b2+6*b3+1;
-1*a1-8*a2-27*a3+3*b1+12*b2+27*b3+-1;
