a0:5.4210108624275221700e-20;
b0:2.6666666666666666652e+00;
c0:4.9191317529892137616e+19;
a1:0.0000000000000000000e+00;
b1:-1.3333333333333333302e+00;
c1:-inf;
a2:2.8883600468749999990e-18;
b2:2.6666666666666666624e+00;
c2:9.2324593312104915881e+17;
a3:9.9999999999999999707e-01;
b3:-5.7824115865893569815e-19;
c3:-5.7824115865893569985e-19;
a0+a1+a2+a3-1;
b0+b1+b2+b3-1*a1-2*a2-3*a3-1;
-1*a1-4*a2-9*a3+2*b1+4*b2+6*b3+1;
-1*a1-8*a2-27*a3+3*b1+12*b2+27*b3+-1;
-1*a1-16*a2-81*a3+4*b1+32*b2+108*b3+1;
