a0:2.8967105466476187516e-01;
b0:2.1271578310489381275e+00;
c0:7.3433565307749205419e+00;
a1:5.5904085745898898016e-05;
b1:0.0000000000000000000e+00;
c1:0.0000000000000000000e+00;
a2:1.3553473333688983570e-02;
b2:0.0000000000000000000e+00;
c2:0.0000000000000000000e+00;
a3:2.9898892281554537029e-01;
b3:1.3885690030712607824e+00;
c3:4.6442155448277521674e+00;
a4:1.8057412719248885642e-01;
b4:2.1648188338836157074e-01;
c4:1.1988532729143177595e+00;
a5:2.1715651790776901566e-01;
b5:1.2327063612500000004e-19;
c5:5.6765800682692681961e-19;
a0+a1+a2+a3+a4+a5-1;
b0+b1+b2+b3+b4+b5-1*a1-2*a2-3*a3-4*a4-5*a5-1;
-1*a1-4*a2-9*a3-16*a4-25*a5+2*b1+4*b2+6*b3+8*b4+10*b5+1;
-1*a1-8*a2-27*a3-64*a4-125*a5+3*b1+12*b2+27*b3+48*b4+75*b5+-1;
-1*a1-16*a2-81*a3-256*a4-625*a5+4*b1+32*b2+108*b3+256*b4+500*b5+1;
