fpprec:20;
fpprintprec:fpprec;
a0:5.4210108624275221700b-19;
b0:2.6666666666666666652b+00;
c0:4.9191317529892137615b+18;
a1:0.0000000000000000000b+00;
b1:-1.3333333333333333306b+00;
c1:-inf;
a2:2.3869323830140827850b-18;
b2:2.6666666666666666618b+00;
c2:1.1171940544454599484b+18;
a3:9.9999999999999999707b-01;
b3:-3.8549410577262379875b-19;
c3:-3.8549410577262379988b-19;
a0+a1+a2+a3-1b0;
b0+b1+b2+b3-1b0*a1-2b0*a2-3b0*a3-1b0;
-1b0*a1-4b0*a2-9b0*a3+2b0*b1+4b0*b2+6b0*b3+1b0;
-1b0*a1-8b0*a2-27b0*a3+3b0*b1+12b0*b2+27b0*b3+-1b0;
-1b0*a1-16b0*a2-81b0*a3+4b0*b1+32b0*b2+108b0*b3+1b0;
