fpprec:20;
fpprintprec:fpprec;
a0:9.3749999999999999995b-01;
b0:1.2499999999999999999b+00;
c0:1.3333333333333333333b+00;
a1:4.3029053960278569479b-20;
b1:0.0000000000000000000b+00;
c1:0.0000000000000000000b+00;
a2:0.0000000000000000000b+00;
b2:0.0000000000000000000b+00;
c2:-nan;
a3:1.6266565260401794900b-20;
b3:0.0000000000000000000b+00;
c3:0.0000000000000000000b+00;
a4:6.2500000000000000014b-02;
b4:5.5780068497793751962b-20;
c4:8.9248109596470003121b-19;
a0+a1+a2+a3+a4-1b0;
b0+b1+b2+b3+b4-1b0*a1-2b0*a2-3b0*a3-4b0*a4-1b0;
-1b0*a1-4b0*a2-9b0*a3-16b0*a4+2b0*b1+4b0*b2+6b0*b3+8b0*b4+1b0;
