a0:1.7818924488377518844e-18;
b0:3.2812499999999999879e+00;
c0:1.8414411050118156358e+18;
a1:0.0000000000000000000e+00;
b1:-4.0798611111111110663e+00;
c1:-inf;
a2:0.0000000000000000000e+00;
b2:7.4652777777777776982e+00;
c2:inf;
a3:1.1292567194232105980e-18;
b3:-3.6458333333333332708e+00;
c3:-3.2285248080662403890e+18;
a4:9.9999999999999999284e-01;
b4:2.3090277777777777515e+00;
c4:2.3090277777777777680e+00;
a5:4.2354296084567977243e-18;
b5:-3.2986111111111110454e-01;
c5:-7.7881381962406838445e+16;
a0+a1+a2+a3+a4+a5-1;
b0+b1+b2+b3+b4+b5-1*a1-2*a2-3*a3-4*a4-5*a5-1;
-1*a1-4*a2-9*a3-16*a4-25*a5+2*b1+4*b2+6*b3+8*b4+10*b5+1;
-1*a1-8*a2-27*a3-64*a4-125*a5+3*b1+12*b2+27*b3+48*b4+75*b5+-1;
-1*a1-16*a2-81*a3-256*a4-625*a5+4*b1+32*b2+108*b3+256*b4+500*b5+1;
-1*a1-32*a2-243*a3-1024*a4-3125*a5+5*b1+80*b2+405*b3+1280*b4+3125*b5+-1;
-1*a1-64*a2-729*a3-4096*a4-15625*a5+6*b1+192*b2+1458*b3+6144*b4+18750*b5+1;
