fpprec:20;
fpprintprec:fpprec;
a0:8.5070887167257828565b-01;
b0:1.4596384360152765193b+00;
c0:1.7157907771027262508b+00;
a1:0.0000000000000000000b+00;
b1:0.0000000000000000000b+00;
c1:-nan;
a2:0.0000000000000000000b+00;
b2:0.0000000000000000000b+00;
c2:-nan;
a3:0.0000000000000000000b+00;
b3:0.0000000000000000000b+00;
c3:-nan;
a4:3.0664864534382320858b-02;
b4:5.2614491749197672078b-02;
c4:1.7157907771027262506b+00;
a5:1.1862626379303939351b-01;
b5:2.0353784933825205952b-01;
c5:1.7157907771027262508b+00;
a0+a1+a2+a3+a4+a5-1b0;
b0+b1+b2+b3+b4+b5-1b0*a1-2b0*a2-3b0*a3-4b0*a4-5b0*a5-1b0;
-1b0*a1-4b0*a2-9b0*a3-16b0*a4-25b0*a5+2b0*b1+4b0*b2+6b0*b3+8b0*b4+10b0*b5+1b0;
-1b0*a1-8b0*a2-27b0*a3-64b0*a4-125b0*a5+3b0*b1+12b0*b2+27b0*b3+48b0*b4+75b0*b5+-1b0;
