fpprec:20;
fpprintprec:fpprec;
a0:-5.4210108624275221700b-20;
b0:2.9513888888888888825b+00;
c0:-5.4443515495323329304b+19;
a1:0.0000000000000000000b+00;
b1:-2.4305555555555555347b+00;
c1:-inf;
a2:8.1445149846031565950b-19;
b2:4.1666666666666666405b+00;
c2:5.1159174911502584120b+18;
a3:2.7186233284309810802b-19;
b3:-3.4722222222222220872b-01;
c3:-1.2771987152137663130b+18;
a4:9.9999999999999999897b-01;
b4:6.5972222222222221867b-01;
c4:6.5972222222222221937b-01;
a0+a1+a2+a3+a4-1b0;
b0+b1+b2+b3+b4-1b0*a1-2b0*a2-3b0*a3-4b0*a4-1b0;
-1b0*a1-4b0*a2-9b0*a3-16b0*a4+2b0*b1+4b0*b2+6b0*b3+8b0*b4+1b0;
-1b0*a1-8b0*a2-27b0*a3-64b0*a4+3b0*b1+12b0*b2+27b0*b3+48b0*b4+-1b0;
-1b0*a1-16b0*a2-81b0*a3-256b0*a4+4b0*b1+32b0*b2+108b0*b3+256b0*b4+1b0;
-1b0*a1-32b0*a2-243b0*a3-1024b0*a4+5b0*b1+80b0*b2+405b0*b3+1280b0*b4+-1b0;
