fpprec:20;
fpprintprec:fpprec;
a0:5.9259259259259259271b-01;
b0:1.7777777777777777773b+00;
c0:2.9999999999999999987b+00;
a1:3.9349604749936033840b-20;
b1:-1.0842021724855044340b-19;
c1:-2.7553063858596112015b+00;
a2:2.3251843454886737469b-20;
b2:0.0000000000000000000b+00;
c2:0.0000000000000000000b+00;
a3:4.0740740740740740723b-01;
b3:4.4444444444444444428b-01;
c3:1.0909090909090909091b+00;
a0+a1+a2+a3-1;
b0+b1+b2+b3-1*a1-2*a2-3*a3-1;
-1*a1-4*a2-9*a3+2*b1+4*b2+6*b3+1;
-1*a1-8*a2-27*a3+3*b1+12*b2+27*b3+-1;
