a0:9.7222214572654098275e-01;
b0:1.1666668519322741070e+00;
c0:1.2000002849764594907e+00;
a1:4.2618818309569273553e-20;
b1:0.0000000000000000000e+00;
c1:0.0000000000000000000e+00;
a2:5.6302653461816540376e-21;
b2:2.7545907394314221906e-21;
c2:4.8924705498996360939e-01;
a3:6.0676952757977937533e-22;
b3:0.0000000000000000000e+00;
c3:0.0000000000000000000e+00;
a4:1.2847437766561427344e-07;
b4:2.0764528403916959159e-18;
c4:1.6162388782268850773e-11;
a5:1.6759724662715897147e-08;
b5:0.0000000000000000000e+00;
c5:0.0000000000000000000e+00;
a6:2.7777709039356688854e-02;
b6:0.0000000000000000000e+00;
c6:0.0000000000000000000e+00;
a0+a1+a2+a3+a4+a5+a6-1;
b0+b1+b2+b3+b4+b5+b6-1*a1-2*a2-3*a3-4*a4-5*a5-6*a6-1;
-1*a1-4*a2-9*a3-16*a4-25*a5-36*a6+2*b1+4*b2+6*b3+8*b4+10*b5+12*b6+1;
