a0:7.6219933314416421261e-01;
b0:1.5844503155972385738e+00;
c0:2.0787873285865914492e+00;
a1:5.3625530735173459639e-20;
b1:0.0000000000000000000e+00;
c1:0.0000000000000000000e+00;
a2:9.1048462976437090610e-03;
b2:0.0000000000000000000e+00;
c2:0.0000000000000000000e+00;
a3:9.2788759724889170430e-02;
b3:0.0000000000000000000e+00;
c3:0.0000000000000000000e+00;
a4:1.3590706083330290788e-01;
b4:2.5575389950592798704e-01;
c4:1.8818293761765878516e+00;
a0+a1+a2+a3+a4-1;
b0+b1+b2+b3+b4-1*a1-2*a2-3*a3-4*a4-1;
-1*a1-4*a2-9*a3-16*a4+2*b1+4*b2+6*b3+8*b4+1;
-1*a1-8*a2-27*a3-64*a4+3*b1+12*b2+27*b3+48*b4+-1;
