fpprec:20;
fpprintprec:fpprec;
a0:9.6000000000000000003b-01;
b0:1.1999999999999999999b+00;
c0:1.2499999999999999999b+00;
a1:0.0000000000000000000b+00;
b1:0.0000000000000000000b+00;
c1:-nan;
a2:0.0000000000000000000b+00;
b2:0.0000000000000000000b+00;
c2:-nan;
a3:0.0000000000000000000b+00;
b3:0.0000000000000000000b+00;
c3:-nan;
a4:1.3412926695209843918b-20;
b4:0.0000000000000000000b+00;
c4:0.0000000000000000000b+00;
a5:3.9999999999999999992b-02;
b5:0.0000000000000000000b+00;
c5:0.0000000000000000000b+00;
a0+a1+a2+a3+a4+a5-1b0;
b0+b1+b2+b3+b4+b5-1b0*a1-2b0*a2-3b0*a3-4b0*a4-5b0*a5-1b0;
-1b0*a1-4b0*a2-9b0*a3-16b0*a4-25b0*a5+2b0*b1+4b0*b2+6b0*b3+8b0*b4+10b0*b5+1b0;
