a0:5.9223443370646888795e-01;
b0:1.7780844173367189587e+00;
c0:3.0023320430875131137e+00;
a1:1.8573031128512762126e-06;
b1:0.0000000000000000000e+00;
c1:0.0000000000000000000e+00;
a2:1.3761634090129065688e-03;
b2:0.0000000000000000000e+00;
c2:0.0000000000000000000e+00;
a3:4.0638754558140538498e-01;
b3:4.4383240352863556621e-01;
c3:1.0921407615818026215e+00;
a0+a1+a2+a3-1;
b0+b1+b2+b3-1*a1-2*a2-3*a3-1;
-1*a1-4*a2-9*a3+2*b1+4*b2+6*b3+1;
-1*a1-8*a2-27*a3+3*b1+12*b2+27*b3+-1;
