a0:2.1684043449710088680e-19;
b0:2.5864081792857028857e+00;
c0:1.1927702438358112796e+19;
a1:0.0000000000000000000e+00;
b1:-6.3204089642851445411e-01;
c1:-inf;
a2:0.0000000000000000000e+00;
b2:6.6408179285702894251e-01;
c2:inf;
a3:3.1968155993479438001e-18;
b3:2.9359182071429710324e+00;
c3:9.1838835112723168975e+17;
a4:0.0000000000000000000e+00;
b4:-2.6795910357148551310e-01;
c4:-inf;
a5:9.9999999999999999658e-01;
b5:7.1359182071429709939e-01;
c5:7.1359182071429710182e-01;
a0+a1+a2+a3+a4+a5-1;
b0+b1+b2+b3+b4+b5-1*a1-2*a2-3*a3-4*a4-5*a5-1;
-1*a1-4*a2-9*a3-16*a4-25*a5+2*b1+4*b2+6*b3+8*b4+10*b5+1;
-1*a1-8*a2-27*a3-64*a4-125*a5+3*b1+12*b2+27*b3+48*b4+75*b5+-1;
-1*a1-16*a2-81*a3-256*a4-625*a5+4*b1+32*b2+108*b3+256*b4+500*b5+1;
-1*a1-32*a2-243*a3-1024*a4-3125*a5+5*b1+80*b2+405*b3+1280*b4+3125*b5+-1;
