fpprec:20;
fpprintprec:fpprec;
a0:-1.0842021724855044340b-19;
b0:2.2500000000000000000b+00;
c0:-2.0752587082923245568b+19;
a1:1.1877340148203074929b-19;
b1:0.0000000000000000000b+00;
c1:0.0000000000000000000b+00;
a2:1.0000000000000000000b+00;
b2:7.5000000000000000000b-01;
c2:7.5000000000000000000b-01;
a0+a1+a2-1;
b0+b1+b2-1*a1-2*a2-1;
-1*a1-4*a2+2*b1+4*b2+1;
-1*a1-8*a2+3*b1+12*b2+-1;
