a0:3.7947076036992655190e-19;
b0:2.2500000000000000000e+00;
c0:5.9293105951209273050e+18;
a1:6.6817305050790309942e-19;
b1:-8.6736173798840354721e-19;
c1:-1.2981094303774894005e+00;
a2:9.9999999999999999897e-01;
b2:7.4999999999999999957e-01;
c2:7.5000000000000000033e-01;
a0+a1+a2-1;
b0+b1+b2-1*a1-2*a2-1;
-1*a1-4*a2+2*b1+4*b2+1;
-1*a1-8*a2+3*b1+12*b2+-1;
