a0:7.8124110434008341120e-02;
b0:2.2916672437807969612e+00;
c0:2.9333674726659125514e+01;
a1:3.7645015989301100495e-10;
b1:-4.3368086899420177360e-19;
c1:-1.1520273204757198640e-09;
a2:1.4305114746093750001e-08;
b2:3.1250258929635371663e-01;
c2:2.1845514338267559651e+07;
a3:1.5258789064091251930e-06;
b3:2.0833321695683295770e+00;
c3:1.3653325705059177386e+06;
a4:9.2187434900552034378e-01;
b4:0.0000000000000000000e+00;
c4:0.0000000000000000000e+00;
a0+a1+a2+a3+a4-1;
b0+b1+b2+b3+b4-1*a1-2*a2-3*a3-4*a4-1;
-1*a1-4*a2-9*a3-16*a4+2*b1+4*b2+6*b3+8*b4+1;
-1*a1-8*a2-27*a3-64*a4+3*b1+12*b2+27*b3+48*b4+-1;
-1*a1-16*a2-81*a3-256*a4+4*b1+32*b2+108*b3+256*b4+1;
