fpprec:20;
fpprintprec:fpprec;
a0:8.4832527477309077976b-01;
b0:1.4595751346947385978b+00;
c0:1.7205371313322526393b+00;
a1:6.6206845613889885788b-05;
b1:1.1391133622707941447b-04;
c1:1.7205371313322522984b+00;
a2:4.5479363870121711847b-03;
b2:7.8248934247914904410b-03;
c2:1.7205371313322526175b+00;
a3:0.0000000000000000000b+00;
b3:0.0000000000000000000b+00;
c3:-nan;
a4:2.3927858258801388906b-02;
b4:4.1168768607522891227b-02;
c4:1.7205371313322526393b+00;
a5:1.2313272373548177031b-01;
b5:2.1185442326897258046b-01;
c5:1.7205371313322526394b+00;
a0+a1+a2+a3+a4+a5-1b0;
b0+b1+b2+b3+b4+b5-1b0*a1-2b0*a2-3b0*a3-4b0*a4-5b0*a5-1b0;
-1b0*a1-4b0*a2-9b0*a3-16b0*a4-25b0*a5+2b0*b1+4b0*b2+6b0*b3+8b0*b4+10b0*b5+1b0;
-1b0*a1-8b0*a2-27b0*a3-64b0*a4-125b0*a5+3b0*b1+12b0*b2+27b0*b3+48b0*b4+75b0*b5+-1b0;
