a0:6.8750000000000000000e-01;
b0:1.6119791666666665186e+00;
c0:2.3446969696969692798e+00;
a1:3.1250000000000000000e-02;
b1:7.2916666666666671293e-02;
c1:2.3333333333333334814e+00;
a2:3.1250000000000000000e-02;
b2:3.3854166666666664354e-02;
c2:1.0833333333333332593e+00;
a3:6.2500000000000000000e-02;
b3:3.1250000000000000000e-02;
c3:5.0000000000000000000e-01;
a4:1.8750000000000000000e-01;
b4:2.8125000000000000000e-01;
c4:1.5000000000000000000e+00;
a0+a1+a2+a3+a4-1;
b0+b1+b2+b3+b4-1*a1-2*a2-3*a3-4*a4-1;
-1*a1-4*a2-9*a3-16*a4+2*b1+4*b2+6*b3+8*b4+1;
-1*a1-8*a2-27*a3-64*a4+3*b1+12*b2+27*b3+48*b4+-1;
