fpprec:20;
fpprintprec:fpprec;
a0:9.6000000000000000003b-01;
b0:1.1999999999999999999b+00;
c0:1.2499999999999999999b+00;
a1:0.0000000000000000000b+00;
b1:-2.7105054312137610850b-20;
c1:-inf;
a2:0.0000000000000000000b+00;
b2:0.0000000000000000000b+00;
c2:-nan;
a3:0.0000000000000000000b+00;
b3:0.0000000000000000000b+00;
c3:-nan;
a4:1.0842021724855044340b-20;
b4:0.0000000000000000000b+00;
c4:0.0000000000000000000b+00;
a5:3.9999999999999999992b-02;
b5:0.0000000000000000000b+00;
c5:0.0000000000000000000b+00;
a0+a1+a2+a3+a4+a5-1;
b0+b1+b2+b3+b4+b5-1*a1-2*a2-3*a3-4*a4-5*a5-1;
-1*a1-4*a2-9*a3-16*a4-25*a5+2*b1+4*b2+6*b3+8*b4+10*b5+1;
