a0:7.8124734109522253611e-02;
b0:2.2916668344785140476e+00;
c0:2.9333435314683441675e+01;
a1:5.7444498213753099992e-08;
b1:-1.7763568394002504647e-15;
c1:-3.0923010812808582579e-08;
a2:1.0862946510314938879e-12;
b2:3.1250066898602330001e-01;
c2:2.8767578730990478516e+11;
a3:3.9005279541015627880e-07;
b3:2.0833329977089132257e+00;
c3:5.3411564337545754388e+06;
a4:9.2187481839209794998e-01;
b4:0.0000000000000000000e+00;
c4:0.0000000000000000000e+00;
a0+a1+a2+a3+a4-1;
b0+b1+b2+b3+b4-1*a1-2*a2-3*a3-4*a4-1;
-1*a1-4*a2-9*a3-16*a4+2*b1+4*b2+6*b3+8*b4+1;
-1*a1-8*a2-27*a3-64*a4+3*b1+12*b2+27*b3+48*b4+-1;
-1*a1-16*a2-81*a3-256*a4+4*b1+32*b2+108*b3+256*b4+1;
