fpprec:20;
fpprintprec:fpprec;
a0:8.8888888888888888888b-01;
b0:1.3333333333333333333b+00;
c0:1.4999999999999999999b+00;
a1:0.0000000000000000000b+00;
b1:0.0000000000000000000b+00;
c1:-nan;
a2:0.0000000000000000000b+00;
b2:0.0000000000000000000b+00;
c2:-nan;
a3:1.1111111111111111111b-01;
b3:0.0000000000000000000b+00;
c3:0.0000000000000000000b+00;
a0+a1+a2+a3-1b0;
b0+b1+b2+b3-1b0*a1-2b0*a2-3b0*a3-1b0;
-1b0*a1-4b0*a2-9b0*a3+2b0*b1+4b0*b2+6b0*b3+1b0;
