fpprec:20;
fpprintprec:fpprec;
a0:8.1315162936412832551b-19;
b0:2.2499999999999999996b+00;
c0:2.7670116110564327418b+18;
a1:0.0000000000000000000b+00;
b1:-8.6736173798840354721b-19;
c1:-inf;
a2:9.9999999999999999919b-01;
b2:7.4999999999999999962b-01;
c2:7.5000000000000000022b-01;
a0+a1+a2-1b0;
b0+b1+b2-1b0*a1-2b0*a2-1b0;
-1b0*a1-4b0*a2+2b0*b1+4b0*b2+1b0;
-1b0*a1-8b0*a2+3b0*b1+12b0*b2+-1b0;
